start_time,quiescent_start_time,quiescent_stop_time,stim_start_time,response_window_start_time,stim_stop_time,response_time,response_window_stop_time,post_response_window_start_time,post_response_window_stop_time,stop_time,stim_name,stim_index,block_index,context_name,index,index_within_block,scheduled_reward_index_within_block,repeat_number,is_response,is_correct,is_incorrect,is_hit,is_false_alarm,is_correct_reject,is_miss,is_go,is_nogo,is_rewarded,is_noncontingent_reward,is_contingent_reward,is_reward_scheduled,is_aud_stim,is_vis_stim,is_catch,is_aud_target,is_vis_target,is_aud_nontarget,is_vis_nontarget,is_vis_context,is_aud_context,is_context_switch,is_repeat,is_opto
4.024519899985287,4.024519899985287,5.525773899987805,5.515773899987805,5.625850299993297,6.015773899987805,5.759252099998528,6.526612399998819,6.526612399998819,8.528289599993267,9.529129399985075,sound1,1,0,sound,0.0,0.0,0.0,0.0,True,False,False,False,False,False,False,False,False,True,True,False,True,True,False,False,True,False,False,False,False,True,False,False,False
9.812656699979678,9.812656699979678,11.314034899996594,11.304034899996594,11.414033099988709,11.804034899996594,11.680893999998924,12.314800399975619,12.314800399975619,14.316662699982524,15.317464300003602,sound1,1,0,sound,1.0,1.0,1.0,0.0,True,False,False,False,False,False,False,False,False,True,True,False,True,True,False,False,True,False,False,False,False,True,False,False,False
16.268114999993237,16.268114999993237,17.769401499981292,17.759401499981294,17.869474899993044,18.259401499981294,17.886163700002477,18.770237500002374,18.770237500002374,20.77196880000131,21.772748700002673,sound1,1,0,sound,2.0,2.0,2.0,0.0,True,False,False,False,False,False,False,False,False,True,True,False,True,True,False,False,True,False,False,False,False,True,False,False,False
21.956241199988405,21.956241199988405,23.45747770000319,23.44747770000319,23.557558199981692,23.94747770000319,23.657697399999712,24.45833049997757,24.45833049997757,26.460033899996894,27.460824399991658,sound1,1,0,sound,3.0,3.0,3.0,0.0,True,False,False,False,False,False,False,False,False,True,True,False,True,True,False,False,True,False,False,False,False,True,False,False,False
35.90128739999793,35.90128739999793,37.40252260000282,37.39252260000282,37.5027245000035,37.89252260000282,37.58619199999678,38.40337179997889,38.40337179997889,40.40503989999136,41.40588059999002,sound1,1,0,sound,4.0,4.0,4.0,0.0,True,False,False,False,False,False,False,False,False,True,True,False,True,True,False,False,True,False,False,False,False,True,False,False,False
45.92640289999847,45.92640289999847,47.42771050000167,47.42771050000167,47.52776679999963,47.928042699999175,47.74465469999425,48.428445399980525,48.428445399980525,50.43024840000155,51.43115129997907,vis1,3,0,sound,5.0,5.0,,0.0,True,False,True,False,True,False,False,False,True,False,False,False,False,False,True,False,False,True,False,False,False,True,False,False,False
54.83385569998948,54.83385569998948,56.351841999983414,56.351841999983414,56.451899799992795,56.85225219999277,,57.35263379998808,57.35263379998808,59.35424739999301,60.355193299977806,vis2,4,0,sound,6.0,6.0,,0.0,False,True,False,False,False,True,False,False,True,False,False,False,False,False,True,False,False,False,False,True,False,True,False,False,False
62.8739144999797,62.8739144999797,64.37521680000076,64.36521680000075,64.47525929998095,64.86521680000075,64.60872969998466,65.37604419998546,65.37604419998546,67.37770510000131,68.37854349998246,sound1,1,0,sound,7.0,7.0,,0.0,True,True,False,True,False,False,False,True,False,True,False,True,False,True,False,False,True,False,False,False,False,True,False,False,False
68.44532029998093,68.44532029998093,69.9632033000032,69.9532033000032,70.06327559997747,70.4532033000032,,70.96404719999713,70.96404719999713,72.96573119998514,73.96652019999759,sound2,2,0,sound,8.0,8.0,,0.0,False,True,False,False,False,True,False,False,True,False,False,False,False,True,False,False,False,False,True,False,False,True,False,False,False
73.99994299998228,73.99994299998228,75.5012290999964,75.49122909999639,75.60130479999656,75.99122909999639,75.75137589997915,76.51873789999239,76.51873789999239,78.52041119998624,79.5211972999766,sound1,1,0,sound,9.0,9.0,,0.0,True,True,False,True,False,False,False,True,False,True,False,True,False,True,False,False,True,False,False,False,False,True,False,False,False
81.1892961999781,81.1892961999781,82.70736989999726,82.70736989999726,82.80741759998794,83.2076605999989,,83.70802609998803,83.70802609998803,85.70977159997868,86.71059839998792,vis2,4,0,sound,10.0,10.0,,0.0,False,True,False,False,False,True,False,False,True,False,False,False,False,False,True,False,False,False,False,True,False,True,False,False,False
89.61309759997833,89.61309759997833,91.13096699998435,91.12096699998435,91.23102119999542,91.62096699998435,91.39790959997639,92.1318260999776,92.1318260999776,94.13349399998854,95.13430769998534,sound1,1,0,sound,11.0,11.0,,0.0,True,True,False,True,False,False,False,True,False,True,False,True,False,True,False,False,True,False,False,False,False,True,False,False,False
96.71900319998689,96.71900319998689,98.23706929997728,98.23706929997728,98.33713079998573,98.73737179998146,98.67069680000144,99.23777369998582,99.23777369998582,101.23946309998585,102.24029899997707,vis1,3,0,sound,12.0,12.0,,0.0,True,False,True,False,True,False,False,False,True,False,False,False,False,False,True,False,False,True,False,False,False,True,False,False,False
103.0410216999969,103.0410216999969,104.54231759999833,104.53231759999832,104.64232249998325,105.03231759999832,,105.55978319998552,105.55978319998552,107.56149459997845,108.5623210999854,sound2,2,0,sound,13.0,13.0,,0.0,False,True,False,False,False,True,False,False,True,False,False,False,False,True,False,False,False,False,True,False,False,True,False,False,False
110.36374949999457,110.36374949999457,111.86505619999092,111.85505619999091,111.9651152999811,112.35505619999091,,112.88264720000164,112.88264720000164,114.88421289999108,115.88515199998231,sound2,2,0,sound,14.0,14.0,,0.0,False,True,False,False,False,True,False,False,True,False,False,False,False,True,False,False,False,False,True,False,False,True,False,False,False
116.58569739998505,116.58569739998505,118.08703119998403,118.08703119998403,118.18712329999265,118.58739280000167,,119.08777439999697,119.08777439999697,121.10614919998055,122.10699700000417,vis2,4,0,sound,15.0,15.0,,0.0,False,True,False,False,False,True,False,False,True,False,False,False,False,False,True,False,False,False,False,True,False,True,False,False,False
124.275486999986,124.275486999986,125.7767782999815,125.7767782999815,125.87680379997776,126.27715309998324,,126.77758000000334,126.77758000000334,128.79593599998927,129.7968424999942,catch,0,0,sound,,,,,False,True,False,False,False,False,False,False,False,False,False,False,False,False,False,True,False,False,False,False,False,True,False,False,False
130.23054119997843,130.23054119997843,131.73179729999694,131.72179729999695,131.83180739999236,132.22179729999695,,132.73256469999043,132.73256469999043,134.75093859999626,135.75177489999052,sound2,2,0,sound,16.0,16.0,,0.0,False,True,False,False,False,True,False,False,True,False,False,False,False,True,False,False,False,False,True,False,False,True,False,False,False
136.3189182999865,136.3189182999865,137.82018259998014,137.81018259998015,137.92026849999976,138.31018259998015,,138.82106450000148,138.82106450000148,140.82272360000363,141.84021449997974,sound2,2,0,sound,17.0,17.0,,0.0,False,True,False,False,False,True,False,False,True,False,False,False,False,True,False,False,False,False,True,False,False,True,False,False,False
143.8419966999879,143.8419966999879,145.3431761999761,145.3431761999761,145.44334279999904,145.8435465000018,,146.3440002999939,146.3440002999939,148.34567160000162,149.36319299997714,vis1,3,0,sound,18.0,18.0,,0.0,False,True,False,False,False,True,False,False,True,False,False,False,False,False,True,False,False,True,False,False,False,True,False,False,False
150.0137521999802,150.0137521999802,151.51521439999644,151.51521439999644,151.61520259999972,152.01546299999765,151.99880769998137,152.5158628999868,152.5158628999868,154.51750919997878,155.51837499999394,vis1,3,0,sound,19.0,19.0,,0.0,True,False,True,False,True,False,False,False,True,False,False,False,False,False,True,False,False,True,False,False,False,True,False,False,False
156.26900979999638,156.26900979999638,157.77029890000424,157.77029890000424,157.87041479999036,158.27068279998795,,158.77113479999545,158.77113479999545,160.7727908000031,161.77366019998746,vis2,4,0,sound,20.0,20.0,,0.0,False,True,False,False,False,True,False,False,True,False,False,False,False,False,True,False,False,False,False,True,False,True,False,False,False
161.89035949999536,161.89035949999536,163.4084132999794,163.4084132999794,163.50842879998683,163.9087411000016,,164.409229599996,164.409229599996,166.41079599999077,167.4117244999886,vis2,4,0,sound,21.0,21.0,,0.0,False,True,False,False,False,True,False,False,True,False,False,False,False,False,True,False,False,False,False,True,False,True,False,False,False
167.87873989999363,167.87873989999363,169.396843299977,169.396843299977,169.49686369999264,169.89711400000098,169.83044519998086,170.39756900000222,170.39756900000222,172.39920449999929,173.40003919998136,vis1,3,0,sound,22.0,22.0,,0.0,True,False,True,False,True,False,False,False,True,False,False,False,False,False,True,False,False,True,False,False,False,True,False,False,False
174.73449699997738,174.73449699997738,176.23577749997796,176.22577749997797,176.33586109998006,176.72577749997797,176.5860630999757,177.25333230000408,177.25333230000408,179.25495129999192,180.25583950000302,sound1,1,0,sound,23.0,23.0,,0.0,True,True,False,True,False,False,False,True,False,True,False,True,False,True,False,False,True,False,False,False,False,True,False,False,False
182.14076150000048,182.14076150000048,183.6419838999952,183.63198389999522,183.74206279999063,184.13198389999522,183.9088554999996,184.6595472999995,184.6595472999995,186.66119809999665,187.66204819997958,sound1,1,0,sound,24.0,24.0,,0.0,True,True,False,True,False,False,False,True,False,True,False,True,False,True,False,False,True,False,False,False,False,True,False,False,False
189.7304162999878,189.7304162999878,191.2316990999768,191.2216990999768,191.33176749997958,191.7216990999768,,192.24957510000397,192.24957510000397,194.25127649997896,195.2684888999881,sound2,2,0,sound,25.0,25.0,,0.0,False,True,False,False,False,True,False,False,True,False,False,False,False,True,False,False,False,False,True,False,False,True,False,False,False
195.68543019999353,195.68543019999353,197.18668749999208,197.17668749999208,197.28680009998217,197.67668749999208,,198.18752359998481,198.18752359998481,200.20586080000223,201.20677239998778,sound2,2,0,sound,26.0,26.0,,0.0,False,True,False,False,False,True,False,False,True,False,False,False,False,True,False,False,False,False,True,False,False,True,False,False,False
201.30688669999083,201.30688669999083,202.82489969998434,202.82489969998434,202.92488739998382,203.32525199998938,,203.82558169999695,203.82558169999695,205.82724319998826,206.84479599999915,vis2,4,0,sound,27.0,27.0,,0.0,False,True,False,False,False,True,False,False,True,False,False,False,False,False,True,False,False,False,False,True,False,True,False,False,False
206.8615387999832,206.8615387999832,208.36277869999478,208.36277869999478,208.4628901999765,208.86315579998492,,209.3636820999761,209.3636820999761,211.38201929999352,212.38280519998236,vis1,3,0,sound,28.0,28.0,,0.0,False,True,False,False,False,True,False,False,True,False,False,False,False,False,True,False,False,True,False,False,False,True,False,False,False
213.28356659998255,213.28356659998255,214.80156239999062,214.80156239999062,214.9016052000022,215.30192449998296,215.3185594999902,215.80244459998514,215.80244459998514,217.8208054999793,218.82155149998445,vis1,3,0,sound,29.0,29.0,,0.0,True,False,True,False,True,False,False,False,True,False,False,False,False,False,True,False,False,True,False,False,False,True,False,False,False
219.4387377999753,219.4387377999753,220.93994930000346,220.92994930000347,221.0400568999846,221.42994930000347,221.19014989998843,221.95749819998466,221.95749819998466,223.95917509997682,224.97668259999202,sound1,1,0,sound,30.0,30.0,,0.0,True,True,False,True,False,False,False,True,False,True,False,True,False,True,False,False,True,False,False,False,False,True,False,False,False
226.2777528999811,226.2777528999811,227.77904149998514,227.77904149998514,227.87916719998768,228.27943829997977,,228.79672299998649,228.79672299998649,230.79825499998125,231.79914649998838,catch,0,0,sound,,,,,False,True,False,False,False,False,False,False,False,False,False,False,False,False,False,True,False,False,False,False,False,True,False,False,False
232.08268519998248,232.08268519998248,233.6005861999963,233.5905861999963,233.7006604999858,234.0905861999963,,234.60141369998175,234.60141369998175,236.6198265999935,237.6205830999913,sound2,2,0,sound,31.0,31.0,,0.0,False,True,False,False,False,True,False,False,True,False,False,False,False,True,False,False,False,False,True,False,False,True,False,False,False
238.02094299999018,238.02094299999018,239.53900469997618,239.53900469997618,239.63906659998767,240.03930539999575,240.00602469998714,240.53973949998337,240.53973949998337,242.54149349998053,243.55890749998227,vis1,3,0,sound,32.0,32.0,,0.0,True,False,True,False,True,False,False,False,True,False,False,False,False,False,True,False,False,True,False,False,False,True,False,False,False
243.80916029998636,243.80916029998636,245.31043709998787,245.30043709998787,245.41051809999928,245.80043709998787,,246.31129359999042,246.31129359999042,248.32959089999505,249.3304450999801,sound2,2,0,sound,33.0,33.0,,0.0,False,True,False,False,False,True,False,False,True,False,False,False,False,True,False,False,False,False,True,False,False,True,False,False,False
253.63411559997778,253.63411559997778,255.15203730000368,255.15203730000368,255.25215439999894,255.65241249997936,,256.15283639997665,256.15283639997665,258.1711782,259.17203699999095,vis2,4,0,sound,34.0,34.0,,0.0,False,True,False,False,False,True,False,False,True,False,False,False,False,False,True,False,False,False,False,True,False,True,False,False,False
260.4231726999949,260.4231726999949,261.9411015999883,261.9411015999883,262.0411934999954,262.44147999998836,,262.94187329998545,262.94187329998545,264.94359540000164,265.96110749999366,vis2,4,0,sound,35.0,35.0,,0.0,False,True,False,False,False,True,False,False,True,False,False,False,False,False,True,False,False,False,False,True,False,True,False,False,False
266.69509859998084,266.69509859998084,268.1962817999972,268.1862817999972,268.2963847000008,268.6862817999972,268.54658889998404,269.21382929999686,269.21382929999686,271.21554289997744,272.2164239999927,sound1,1,0,sound,36.0,36.0,,0.0,True,True,False,True,False,False,False,True,False,True,False,True,False,True,False,False,True,False,False,False,False,True,False,False,False
272.65005689999975,272.65005689999975,274.15132159999644,274.1413215999964,274.2514013999987,274.6413215999964,274.40153939999595,275.15216029997987,275.15216029997987,277.1704992999819,278.17131849999146,sound1,1,0,sound,37.0,37.0,,0.0,True,True,False,True,False,False,False,True,False,True,False,True,False,True,False,False,True,False,False,False,False,True,False,False,False
279.8061736000034,279.8061736000034,281.3241108000018,281.3241108000018,281.4241320999952,281.8244230999933,,282.32483839998326,282.32483839998326,284.3432341999812,285.3440678999848,vis1,3,0,sound,38.0,38.0,,0.0,False,True,False,False,False,True,False,False,True,False,False,False,False,False,True,False,False,True,False,False,False,True,False,False,False
285.6943149999804,285.6943149999804,287.1955848999876,287.1955848999876,287.3124525999972,287.71266969998555,,288.21320269999865,288.21320269999865,290.214826899997,291.23227059999203,catch,0,0,sound,,,,,False,True,False,False,False,False,False,False,False,False,False,False,False,False,False,True,False,False,False,False,False,True,False,False,False
292.0329320999824,292.0329320999824,293.5342345999759,293.52423459997584,293.63434009999924,294.02423459997584,293.91791469997565,294.53506309999807,294.53506309999807,296.55351730000416,297.55430259998843,sound1,1,0,sound,39.0,39.0,,0.0,True,True,False,True,False,False,False,True,False,True,False,True,False,True,False,False,True,False,False,False,False,True,False,False,False
297.9879533999863,297.9879533999863,299.5059298999929,299.49592989999286,299.6059897999892,299.99592989999286,299.80616929999974,300.50677059999157,300.50677059999157,302.52510320000306,303.5259759999842,sound1,1,0,sound,40.0,40.0,,0.0,True,True,False,True,False,False,False,True,False,True,False,True,False,True,False,False,True,False,False,False,False,True,False,False,False
304.2599204999949,304.2599204999949,305.77795279998986,305.77795279998986,305.8779841000012,306.27825319997805,,306.77867779998064,306.77867779998064,308.780358800004,309.7978786999972,vis1,3,0,sound,41.0,41.0,,0.0,False,True,False,False,False,True,False,False,True,False,False,False,False,False,True,False,False,True,False,False,False,True,False,False,False
309.81460969997875,309.81460969997875,311.31586419998507,311.31586419998507,311.4159549999838,311.8162333000016,,312.31665879998195,312.31665879998195,314.33506609998017,315.33586069997705,vis2,4,0,sound,42.0,42.0,,0.0,False,True,False,False,False,True,False,False,True,False,False,False,False,False,True,False,False,False,False,True,False,True,False,False,False
316.3534445999919,316.3534445999919,317.8714082999884,317.86140829998834,317.97145939997586,318.36140829998834,,318.8721977000039,318.8721977000039,320.89052409999726,321.8914076000017,sound2,2,0,sound,43.0,43.0,,0.0,False,True,False,False,False,True,False,False,True,False,False,False,False,True,False,False,False,False,True,False,False,True,False,False,False
326.27834249998864,326.27834249998864,327.79636149999874,327.79636149999874,327.89650719997894,328.29672860000005,,328.7971498999775,328.7971498999775,330.79891459999794,331.81644199999005,vis2,4,0,sound,44.0,44.0,,0.0,False,True,False,False,False,True,False,False,True,False,False,False,False,False,True,False,False,False,False,True,False,True,False,False,False
332.65038629997593,332.65038629997593,334.1516634999805,334.14166349998044,334.2517389999791,334.64166349998044,,335.1691843999813,335.1691843999813,337.170875199992,338.17172549997645,sound2,2,0,sound,45.0,45.0,,0.0,False,True,False,False,False,True,False,False,True,False,False,False,False,True,False,False,False,False,True,False,False,True,False,False,False
338.42188999997757,338.42188999997757,339.9399280999876,339.92992809998754,340.04030549998583,340.42992809998754,,340.9408064999823,340.9408064999823,342.95906279999485,343.95988319998446,sound2,2,0,sound,46.0,46.0,,0.0,False,True,False,False,False,True,False,False,True,False,False,False,False,True,False,False,False,False,True,False,False,True,False,False,False
344.57707539999114,344.57707539999114,346.0951214000031,346.08512140000306,346.19512309999277,346.58512140000306,,347.095922199989,347.095922199989,349.09766069998454,350.11511100000075,sound2,2,0,sound,47.0,47.0,,0.0,False,True,False,False,False,True,False,False,True,False,False,False,False,True,False,False,False,False,True,False,False,True,False,False,False
350.1984579999787,350.1984579999787,351.6997699999863,351.6997699999863,351.79985629997987,352.2001339999931,,352.7005934999995,352.7005934999995,354.7189089999972,355.7198315999792,vis2,4,0,sound,48.0,48.0,,0.0,False,True,False,False,False,True,False,False,True,False,False,False,False,False,True,False,False,False,False,True,False,True,False,False,False
357.2210810999766,357.2210810999766,358.72234059999187,358.7123405999918,358.8224047999918,359.2123405999918,,359.72316309999746,359.72316309999746,361.74149289998763,362.7423213999807,sound2,2,0,sound,49.0,49.0,,0.0,False,True,False,False,False,True,False,False,True,False,False,False,False,True,False,False,False,False,True,False,False,True,False,False,False
363.12597539998546,363.12597539998546,364.64406999998914,364.64406999998914,364.74406299999987,365.1443254999847,,365.64475409998863,365.64475409998863,367.6465015999945,368.6639249999805,vis1,3,0,sound,50.0,50.0,,0.0,False,True,False,False,False,True,False,False,True,False,False,False,False,False,True,False,False,True,False,False,False,True,False,False,False
369.06432559999826,369.06432559999826,370.565534299976,370.55553429997593,370.6656479000028,371.05553429997593,371.0159211999942,371.58312909998654,371.58312909998654,373.58475769998927,374.5855779999781,sound1,1,0,sound,51.0,51.0,,0.0,True,True,False,True,False,False,False,True,False,True,False,True,False,True,False,False,True,False,False,False,False,True,False,False,False
375.68652329999327,375.68652329999327,377.187851799981,377.187851799981,377.2878931999819,377.6881836999762,,378.1886868999952,378.1886868999952,380.2070481999924,381.207856200004,vis2,4,0,sound,52.0,52.0,,0.0,False,True,False,False,False,True,False,False,True,False,False,False,False,False,True,False,False,False,False,True,False,True,False,False,False
383.1427448999982,383.1427448999982,384.64414450000345,384.64414450000345,384.7441795999855,385.1444694000036,,385.64491349998,385.64491349998,387.6632585999994,388.6641335999973,vis2,4,0,sound,53.0,53.0,,0.0,False,True,False,False,False,True,False,False,True,False,False,False,False,False,True,False,False,False,False,True,False,True,False,False,False
389.0644038999833,389.0644038999833,390.5823483999791,390.57234839997903,390.6823871999893,391.07234839997903,390.98269569999843,391.5831504000032,391.5831504000032,393.6015114999989,394.6024578999875,sound1,1,0,sound,54.0,54.0,,0.0,True,True,False,True,False,False,False,True,False,True,False,True,False,True,False,False,True,False,False,False,False,True,False,False,False
395.15287499997953,395.15287499997953,396.6707949999925,396.6707949999925,396.77089659998614,397.17133120000085,,397.6717041999889,397.6717041999889,399.6733417000012,400.6908614999936,catch,0,0,sound,,,,,False,True,False,False,False,False,False,False,False,False,False,False,False,False,False,True,False,False,False,False,False,True,False,False,False
401.72502669998516,401.72502669998516,403.2262761999825,403.2162761999825,403.32638870000096,403.7162761999825,,404.24382059998766,404.24382059998766,406.24555509998186,407.24633829997924,sound2,2,0,sound,55.0,55.0,,0.0,False,True,False,False,False,True,False,False,True,False,False,False,False,True,False,False,False,False,True,False,False,True,False,False,False
409.56491319999054,409.56491319999054,411.0828732999887,411.07287329998866,411.18296659997736,411.57287329998866,411.53326219999303,412.0837239999762,412.0837239999762,414.0854266999902,415.10292679997815,sound1,1,0,sound,56.0,56.0,,0.0,True,True,False,True,False,False,False,True,False,True,False,True,False,True,False,False,True,False,False,False,False,True,False,False,False
416.22055229999546,416.22055229999546,417.73861759997976,417.73861759997976,417.8386247999822,418.2389124999843,,418.7393454999926,418.7393454999926,420.74104809997675,421.75854709998544,vis2,4,0,sound,57.0,57.0,,0.0,False,True,False,False,False,True,False,False,True,False,False,False,False,False,True,False,False,False,False,True,False,True,False,False,False
422.74271689999455,422.74271689999455,424.2439979999997,424.2439979999997,424.3441407999869,424.7443541999762,424.7111331999856,425.24478329998396,425.24478329998396,427.2631033999876,428.2640548999859,vis1,3,0,sound,58.0,58.0,,0.0,True,False,True,False,True,False,False,False,True,False,False,False,False,False,True,False,False,True,False,False,False,True,False,False,False
428.33077489998846,428.33077489998846,429.8487114999823,429.8487114999823,429.94879029997696,430.3490889999755,430.38250590000257,430.849486699977,430.849486699977,432.867848899981,433.8686851999753,vis1,3,0,sound,59.0,59.0,,0.0,True,False,True,False,True,False,False,False,True,False,False,False,False,False,True,False,False,True,False,False,False,True,False,False,False
433.9521495000024,433.9521495000024,435.45342279997726,435.45342279997726,435.5535550000002,435.95379799998204,,436.47092000000134,436.47092000000134,438.4726027999802,439.47339619999707,vis2,4,0,sound,60.0,60.0,,0.0,False,True,False,False,False,True,False,False,True,False,False,False,False,False,True,False,False,False,False,True,False,True,False,False,False
440.67441389998726,440.67441389998726,442.17566279998005,442.16566279998,442.2757452000021,442.66566279998,442.5259501999915,443.17650179999487,443.17650179999487,445.1948174999941,446.195733099981,sound1,1,0,sound,61.0,61.0,,0.0,True,True,False,True,False,False,False,True,False,True,False,True,False,True,False,False,True,False,False,False,False,True,False,False,False
447.5636010999822,447.5636010999822,449.06479749998266,449.06479749998266,449.1649394999929,449.56524999999397,,450.0656050999912,450.0656050999912,452.08397719998334,453.08484799997836,vis1,3,0,sound,62.0,62.0,,0.0,False,True,False,False,False,True,False,False,True,False,False,False,False,False,True,False,False,True,False,False,False,True,False,False,False
453.2016263999774,453.2016263999774,454.719573499993,454.7095734999929,454.8196288999841,455.2095734999929,455.0531729000011,455.7203896999797,455.7203896999797,457.7220890999977,458.7395300000005,sound1,1,0,sound,63.0,63.0,,0.0,True,True,False,True,False,False,False,True,False,True,False,True,False,True,False,False,True,False,False,False,False,True,False,False,False
463.27671019998684,463.27671019998684,464.77811759999327,464.77811759999327,464.87821569998937,465.2783941000032,465.3451253000037,465.7955470999966,465.7955470999966,467.79714199997557,468.7980244000007,vis1,3,0,sound,64.0,64.0,,0.0,True,False,True,False,True,False,False,False,True,False,False,False,False,False,True,False,False,True,False,False,False,True,False,False,False
469.61535519999757,469.61535519999757,471.1166848999944,471.1066848999944,471.2166831999873,471.6066848999944,,472.11747389997777,472.11747389997777,474.1358606999945,475.1366680000008,sound2,2,0,sound,65.0,65.0,,0.0,False,True,False,False,False,True,False,False,True,False,False,False,False,True,False,False,False,False,True,False,False,True,False,False,False
476.2542642999995,476.2542642999995,477.77222379999307,477.77222379999307,477.872343499979,478.272658599986,478.3060060999794,478.77308389999394,478.77308389999394,480.7914142999887,481.79229989998,vis1,3,0,sound,66.0,66.0,,0.0,True,False,True,False,True,False,False,False,True,False,False,False,False,False,True,False,False,True,False,False,False,True,False,False,False
481.87564369999177,481.87564369999177,483.39371349998123,483.39371349998123,483.49381909997624,483.894008299985,,484.3944266999986,484.3944266999986,486.39611129999116,487.41365069998733,vis2,4,0,sound,67.0,67.0,,0.0,False,True,False,False,False,True,False,False,True,False,False,False,False,False,True,False,False,False,False,True,False,True,False,False,False
487.4636695000024,487.4636695000024,488.96502409998516,488.96502409998516,489.0651019000013,489.4653629000038,489.5320335999802,489.96579769999676,489.96579769999676,491.98413909998794,492.9849810999965,vis1,3,0,sound,68.0,68.0,,0.0,True,False,True,False,True,False,False,False,True,False,False,False,False,False,True,False,False,True,False,False,False,True,False,False,False
494.085891399978,494.085891399978,495.60382460000415,495.5938246000041,495.70406189998334,496.0938246000041,,496.6046600999923,496.6046600999923,498.6230860999874,499.62393539999334,sound2,2,0,sound,69.0,69.0,,0.0,False,True,False,False,False,True,False,False,True,False,False,False,False,True,False,False,False,False,True,False,False,True,False,False,False
500.391193600002,500.391193600002,501.90930269999967,501.90930269999967,502.0092822999957,502.4095593000036,502.3929474999984,502.91006619999257,502.91006619999257,504.9116706999864,505.9292069999881,vis1,3,0,sound,70.0,70.0,,0.0,True,False,True,False,True,False,False,False,True,False,False,False,False,False,True,False,False,True,False,False,False,True,False,False,False
506.04596299999116,506.04596299999116,507.54727009999056,507.54727009999056,507.6473582999986,508.0476096999862,508.0642781999866,508.5480249999762,508.5480249999762,510.5663890999947,511.5671999999993,vis1,3,0,sound,71.0,71.0,,0.0,True,False,True,False,True,False,False,False,True,False,False,False,False,False,True,False,False,True,False,False,False,True,False,False,False
512.9517326000002,512.9517326000002,514.4529923999887,514.4429923999887,514.553114499993,514.9429923999887,,515.453768199988,515.453768199988,517.4721952999914,518.4730685999764,sound2,2,0,sound,72.0,72.0,,0.0,False,True,False,False,False,True,False,False,True,False,False,False,False,True,False,False,False,False,True,False,False,True,False,False,False
518.5397761000002,518.5397761000002,520.0577759999812,520.0477759999812,520.1578249999818,520.5477759999812,520.4079906999921,521.0585690999958,521.0585690999958,523.0602942999774,524.0776980999888,sound1,1,0,sound,73.0,73.0,,0.0,True,True,False,True,False,False,False,True,False,True,False,True,False,True,False,False,True,False,False,False,False,True,False,False,False
524.1111947999832,524.1111947999832,525.6124195999962,525.6024195999962,525.7124928999781,526.1024195999962,,526.6132099999902,526.6132099999902,528.6316338999984,529.6324465999876,sound2,2,0,sound,74.0,74.0,,0.0,False,True,False,False,False,True,False,False,True,False,False,False,False,True,False,False,False,False,True,False,False,True,False,False,False
530.1828561999807,530.1828561999807,531.7007949999913,531.7007949999913,531.8009920999846,532.2012751999807,,532.7016139999994,532.7016139999994,534.7200110999781,535.7208578999941,catch,0,0,sound,,,,,False,True,False,False,False,False,False,False,False,False,False,False,False,False,False,True,False,False,False,False,False,True,False,False,False
536.1048778999918,536.1048778999918,537.6225440999931,537.6225440999931,537.7226218999801,538.1229471999775,,538.6233087999951,538.6233087999951,540.6250299000037,541.642482999983,vis2,4,0,sound,75.0,75.0,,0.0,False,True,False,False,False,True,False,False,True,False,False,False,False,False,True,False,False,False,False,True,False,True,False,False,False
541.8759824999813,541.8759824999813,543.3773469999812,543.3773469999812,543.4774175,543.8776745000011,,544.378125099998,544.378125099998,546.3964801999771,547.397318299985,vis1,3,0,sound,76.0,76.0,,0.0,False,True,False,False,False,True,False,False,True,False,False,False,False,False,True,False,False,True,False,False,False,True,False,False,False
549.3489964999987,549.3489964999987,550.8502862999828,550.8502862999828,550.95042789999,551.3507782000031,,551.851047199985,551.851047199985,553.8694408999961,554.8702410999774,vis2,4,0,sound,77.0,77.0,,0.0,False,True,False,False,False,True,False,False,True,False,False,False,False,False,True,False,False,False,False,True,False,True,False,False,False
557.3890153999762,557.3890153999762,558.8904075999833,558.8904075999833,558.9904758999853,559.3907568999946,,559.9078183999898,559.9078183999898,561.9095050999983,562.9103240999773,vis2,4,0,sound,78.0,78.0,,0.0,False,True,False,False,False,True,False,False,True,False,False,False,False,False,True,False,False,False,False,True,False,True,False,False,False
564.1780606999907,564.1780606999907,565.6794095999883,565.6794095999883,565.7794720000036,566.1797178999784,,566.6802474999947,566.6802474999947,568.6985404999957,569.6993730999909,vis2,4,0,sound,79.0,79.0,,0.0,False,True,False,False,False,True,False,False,True,False,False,False,False,False,True,False,False,False,False,True,False,True,False,False,False
569.8995368999983,569.8995368999983,571.4174988999819,571.4174988999819,571.5175609999949,571.9179046999868,,572.4183312999755,572.4183312999755,574.4366763999949,575.4375083999855,catch,0,0,sound,,,,,False,True,False,False,False,False,False,False,False,False,False,False,False,False,False,True,False,False,False,False,False,True,False,False,False
575.6877287999757,575.6877287999757,577.1889747000039,577.1789747000039,577.2890757999937,577.6789747000039,577.5726650999948,578.2065311999847,578.2065311999847,580.2082048999816,581.2090654999863,sound1,1,0,sound,80.0,80.0,,0.0,True,True,False,True,False,False,False,True,False,True,False,True,False,True,False,False,True,False,False,False,False,True,False,False,False
581.9263069999959,581.9263069999959,583.4275554999856,583.4175554999856,583.5276629999951,583.9175554999856,,584.4283686999786,584.4283686999786,586.4467548999908,587.4976617999871,sound2,2,0,sound,81.0,81.0,,0.0,False,True,False,False,False,True,False,False,True,False,False,False,False,True,False,False,False,False,True,False,False,True,False,False,False
588.9989134000004,588.9989134000004,590.5001497999854,590.5001497999854,590.6002349999997,591.000591400001,,591.5009758999893,591.5009758999893,593.5026665999992,594.5035183999951,catch,0,0,sound,,,,,False,True,False,False,False,False,False,False,False,False,False,False,False,False,False,True,False,False,False,False,False,True,False,False,False
595.0539822999942,595.0539822999942,596.5552468999902,596.5452468999902,596.6553668999784,597.0452468999902,596.9555775999995,597.5560992999906,597.5560992999906,599.5744342999913,600.5752774999798,sound1,1,0,sound,82.0,82.0,,0.0,True,True,False,True,False,False,False,True,False,True,False,True,False,True,False,False,True,False,False,False,False,True,False,False,False
602.4101466999944,602.4101466999944,603.9281016999828,603.9181016999828,604.0281954000036,604.4181016999828,604.3117122999772,604.9289323999926,604.9289323999926,606.9472596999929,607.9481389999944,sound1,1,0,sound,83.0,83.0,,0.0,True,True,False,True,False,False,False,True,False,True,False,True,False,True,False,False,True,False,False,False,False,True,False,False,False
608.3651318999853,608.3651318999853,609.8831641999802,609.8831641999802,609.9832623999771,610.383512899987,610.2000734999981,610.8839767999978,610.8839767999978,612.8856261999842,613.8864617000015,vis1,3,1,vis,84.0,0.0,0.0,0.0,True,False,False,False,False,False,False,False,False,True,True,False,True,False,True,False,False,True,False,False,True,False,True,False,False
615.5045267999901,615.5045267999901,617.0058624000028,617.0058624000028,617.1058867999907,617.5229400000042,617.3227390999762,618.0232246999892,618.0232246999892,620.0249392999774,621.0257800999768,vis1,3,1,vis,85.0,1.0,1.0,0.0,True,False,False,False,False,False,False,False,False,True,True,False,True,False,True,False,False,True,False,False,True,False,False,False,False
621.5429608999782,621.5429608999782,623.0442340999814,623.0442340999814,623.1443210999803,623.5445799999959,623.3611755999825,624.0449854999986,624.0449854999986,626.0633425999929,627.0642089999835,vis1,3,1,vis,86.0,2.0,2.0,0.0,True,False,False,False,False,False,False,False,False,True,True,False,True,False,True,False,False,True,False,False,True,False,False,False,False
627.2643853999996,627.2643853999996,628.7823267000001,628.7823267000001,628.8824351999881,629.282715499992,629.1826730999835,629.7831263999776,629.7831263999776,631.7847877999973,632.8023421999912,vis1,3,1,vis,87.0,3.0,3.0,0.0,True,False,False,False,False,False,False,False,False,True,True,False,True,False,True,False,False,True,False,False,True,False,False,False,False
633.052533799995,633.052533799995,634.5538727000037,634.5538727000037,634.6540055000021,635.0542120999978,634.8207710999793,635.5713352999971,635.5713352999971,637.5730232999865,638.5738622000006,vis1,3,1,vis,88.0,4.0,4.0,0.0,True,False,False,False,False,False,False,False,False,True,True,False,True,False,True,False,False,True,False,False,True,False,False,False,False
638.7072810999905,638.7072810999905,640.225219099995,640.215219099995,640.3253203999864,640.715219099995,,641.226060900002,641.226060900002,643.2443895999838,644.245278199998,sound2,2,1,vis,89.0,5.0,,0.0,False,True,False,False,False,True,False,False,True,False,False,False,False,True,False,False,False,False,True,False,True,False,False,False,False
645.1460188999861,645.1460188999861,646.6639838999924,646.6539838999925,646.7640612999764,647.1539838999925,,647.6648035999767,647.6648035999767,649.6664639999888,650.6839645999805,sound2,2,1,vis,90.0,6.0,,0.0,False,True,False,False,False,True,False,False,True,False,False,False,False,True,False,False,False,False,True,False,True,False,False,False,False
651.5180415999873,651.5180415999873,653.0193531999919,653.0193531999919,653.1194477999904,653.5364152999916,653.4864436999867,654.0368361999952,654.0368361999952,656.038494599992,657.0393191999844,vis1,3,1,vis,91.0,7.0,,0.0,True,True,False,True,False,False,False,True,False,True,False,True,False,False,True,False,False,True,False,False,True,False,False,False,False
657.0560172999774,657.0560172999774,658.5741308999802,658.5741308999802,658.6741190999835,659.0743675999781,659.0577314999916,659.5748490999774,659.5748490999774,661.5931316999865,662.5940685999901,vis1,3,1,vis,92.0,8.0,,0.0,True,True,False,True,False,False,False,True,False,True,False,True,False,False,True,False,False,True,False,False,True,False,False,False,False
663.4781302999852,663.4781302999852,664.9960935999786,664.9960935999786,665.0961830999966,665.4964141000034,665.4298380999915,665.9968596999913,665.9968596999913,668.0154251000001,669.0161073999859,vis2,4,1,vis,93.0,9.0,,0.0,True,False,True,False,True,False,False,False,True,False,False,False,False,False,True,False,False,False,False,True,True,False,False,False,False
669.0327500999936,669.0327500999936,670.5340461999965,670.5340461999965,670.6340896999843,671.0344375999791,,671.5348376999989,671.5348376999989,673.5531600999909,674.5540204999941,catch,0,1,vis,,,,,False,True,False,False,False,False,False,False,False,False,False,False,False,False,False,True,False,False,False,False,True,False,False,False,False
676.4723503999792,676.4723503999792,677.9736111999753,677.9636111999753,678.0736803999841,678.4636111999753,,678.9911116999954,678.9911116999954,680.9928390999937,681.9936381999958,sound2,2,1,vis,94.0,10.0,,0.0,False,True,False,False,False,True,False,False,True,False,False,False,False,True,False,False,False,False,True,False,True,False,False,False,False
684.2288161999984,684.2288161999984,685.7300873999864,685.7200873999864,685.8301672999894,686.2200873999864,686.2138766999794,686.7476053999942,686.7476053999942,688.7492851999793,689.7501692999883,sound1,1,1,vis,95.0,11.0,,0.0,True,False,True,False,True,False,False,False,True,False,False,False,False,True,False,False,True,False,False,False,True,False,False,False,False
691.0012282999903,691.0012282999903,692.5024522999972,692.4924522999972,692.6025904999785,692.9924522999972,692.836063799981,693.519986899986,693.519986899986,695.5216226999853,696.5224735000027,sound1,1,1,vis,96.0,12.0,,0.0,True,False,True,False,True,False,False,False,True,False,False,False,False,True,False,False,True,False,False,False,True,False,False,False,False
697.3898606999808,697.3898606999808,698.8911981999788,698.8911981999788,698.9916863999767,699.3916057999975,699.3249050999964,699.8919797999931,699.8919797999931,701.9103321999808,702.9111621999853,vis1,3,1,vis,97.0,13.0,,0.0,True,True,False,True,False,False,False,True,False,True,False,True,False,False,True,False,False,True,False,False,True,False,False,False,False
705.1797106999818,705.1797106999818,706.6810596999801,706.6810596999801,706.7811945999945,707.1814119999851,707.1314419999924,707.6819399999893,707.6819399999893,709.7002290999897,710.7010981000001,vis2,4,1,vis,98.0,14.0,,0.0,True,False,True,False,True,False,False,False,True,False,False,False,False,False,True,False,False,False,False,True,True,False,False,False,False
712.4191374000018,712.4191374000018,713.9204714000023,713.9204714000023,714.0205453999895,714.4208971999849,,714.9212674999815,714.9212674999815,716.9396235999973,717.9404384000024,vis2,4,1,vis,99.0,15.0,,0.0,False,True,False,False,False,True,False,False,True,False,False,False,False,False,True,False,False,False,False,True,True,False,False,False,False
717.9571279999889,717.9571279999889,719.4750890999946,719.4650890999947,719.575146500001,719.9650890999947,719.8087573000028,720.4759126999795,720.4759126999795,722.4943160999771,723.4951126999892,sound1,1,1,vis,100.0,16.0,,0.0,True,False,True,False,True,False,False,False,True,False,False,False,False,True,False,False,True,False,False,False,True,False,False,False,False
723.8287991999912,723.8287991999912,725.3299993999915,725.3199993999915,725.430093599987,725.8199993999915,,726.3475714000031,726.3475714000031,728.349248399996,729.3500981999766,sound2,2,1,vis,101.0,17.0,,0.0,False,True,False,False,False,True,False,False,True,False,False,False,False,True,False,False,False,False,True,False,True,False,False,False,False
731.8187906000037,731.8187906000037,733.3367424999976,733.3267424999976,733.4368104999974,733.8267424999976,733.803790899992,734.33755179999,734.33755179999,736.3392270999991,737.3567514999975,sound1,1,1,vis,102.0,18.0,,0.0,True,False,True,False,True,False,False,False,True,False,False,False,False,True,False,False,True,False,False,False,True,False,False,False,False
737.4568271999976,737.4568271999976,738.9581109999942,738.9581109999942,739.058273899989,739.4585182999815,,739.9590070999782,739.9590070999782,741.9772834999983,742.9781482999767,vis2,4,1,vis,103.0,19.0,,0.0,False,True,False,False,False,True,False,False,True,False,False,False,False,False,True,False,False,False,False,True,True,False,False,False,False
743.1115697999865,743.1115697999865,744.62958279998,744.62958279998,744.7296646999982,745.1299366999972,745.1966597999942,745.6304252999923,745.6304252999923,747.6487628999837,748.6495634999972,vis1,3,1,vis,104.0,20.0,,0.0,True,True,False,True,False,False,False,True,False,True,False,True,False,False,True,False,False,True,False,False,True,False,False,False,False
751.6187176999899,751.6187176999899,753.1199859999849,753.1099859999849,753.2200580999868,753.6099859999849,,754.1208171999986,754.1208171999986,756.1391793000018,757.1400482999832,sound2,2,1,vis,105.0,21.0,,0.0,False,True,False,False,False,True,False,False,True,False,False,False,False,True,False,False,False,False,True,False,True,False,False,False,False
757.406913099994,757.406913099994,758.9248497999886,758.9148497999886,759.0250009999816,759.4148497999886,759.2251028999833,759.9257095999872,759.9257095999872,761.9440891999782,762.9449184999773,sound1,1,1,vis,106.0,22.0,,0.0,True,False,True,False,True,False,False,False,True,False,False,False,False,True,False,False,True,False,False,False,True,False,False,False,False
764.9466043999798,764.9466043999798,766.4645739999921,766.4645739999921,766.5646302999901,766.9649345000014,767.0316164999765,767.4653576999933,767.4653576999933,769.4837322000037,770.4845513999842,vis2,4,1,vis,107.0,23.0,,0.0,True,False,True,False,True,False,False,False,True,False,False,False,False,False,True,False,False,False,False,True,True,False,False,False,False
770.8848912999763,770.8848912999763,772.4029648999947,772.4029648999947,772.503016899989,772.9032318999905,772.836558299992,773.4041582000007,773.4041582000007,775.4057521000011,776.4229545999931,vis1,3,1,vis,108.0,24.0,,0.0,True,True,False,True,False,False,False,True,False,True,False,True,False,False,True,False,False,True,False,False,True,False,False,False,False
778.6747685999815,778.6747685999815,780.1927357999755,780.1927357999755,780.2928569000012,780.6930945000001,780.5930670999894,781.1935329999922,781.1935329999922,783.2119832999977,784.2127986999783,vis1,3,1,vis,109.0,25.0,,0.0,True,True,False,True,False,False,False,True,False,True,False,True,False,False,True,False,False,True,False,False,True,False,False,False,False
785.9308614999843,785.9308614999843,787.4488711999818,787.4488711999818,787.5489322999872,787.9491771999835,787.9159475999857,788.449631699981,788.449631699981,790.4680702999847,791.4688314999892,vis2,4,1,vis,110.0,26.0,,0.0,True,False,True,False,True,False,False,False,True,False,False,False,False,False,True,False,False,False,False,True,True,False,False,False,False
793.0869119999786,793.0869119999786,794.6047930999864,794.5947930999864,794.7048895999994,795.0947930999864,794.9050734999853,795.6056247000031,795.6056247000031,797.6240171999759,798.6248205999816,sound1,1,1,vis,111.0,27.0,,0.0,True,False,True,False,True,False,False,False,True,False,False,False,False,True,False,False,True,False,False,False,True,False,False,False,False
799.2921163999797,799.2921163999797,800.7933611999995,800.7833611999995,800.8934436999932,801.2833611999995,,801.810850299991,801.810850299991,803.8125469999884,804.8300993999962,sound2,2,1,vis,112.0,28.0,,0.0,False,True,False,False,False,True,False,False,True,False,False,False,False,True,False,False,False,False,True,False,True,False,False,False,False
815.3054987999874,815.3054987999874,816.823409399987,816.823409399987,816.9235502999888,817.3239036999964,,817.8243420999877,817.8243420999877,819.8426565999778,820.8435400999822,catch,0,1,vis,,,,,False,True,False,False,False,False,False,False,False,False,False,False,False,False,False,True,False,False,False,False,True,False,False,False,False
821.677568599998,821.677568599998,823.1954758000008,823.1854758000009,823.295544399976,823.6854758000009,,824.1963374999848,824.1963374999848,826.1980454999809,827.2155033999968,sound2,2,1,vis,113.0,29.0,,0.0,False,True,False,False,False,True,False,False,True,False,False,False,False,True,False,False,False,False,True,False,True,False,False,False,False
827.4990964999977,827.4990964999977,829.0003446999851,828.9903446999851,829.1004145999993,829.4903446999851,829.350643099993,830.0178982000014,830.0178982000014,832.0194976999862,833.020360299977,sound1,1,1,vis,114.0,30.0,,0.0,True,False,True,False,True,False,False,False,True,False,False,False,False,True,False,False,True,False,False,False,True,False,False,False,False
835.2889410999867,835.2889410999867,836.806967899998,836.806967899998,836.9070905999777,837.3073181999878,837.4574600999856,837.8076969999909,837.8076969999909,839.8094140999981,840.8269046000003,vis2,4,1,vis,115.0,31.0,,0.0,True,False,True,False,True,False,False,False,True,False,False,False,False,False,True,False,False,False,False,True,True,False,False,False,False
841.360746799977,841.360746799977,842.8619457999973,842.8519457999973,842.9620775999881,843.3519457999973,,843.8628122999887,843.8628122999887,845.8812243999944,846.8820369999828,sound2,2,1,vis,116.0,32.0,,0.0,False,True,False,False,False,True,False,False,True,False,False,False,False,True,False,False,False,False,True,False,True,False,False,False,False
848.1331813999948,848.1331813999948,849.6344179999812,849.6344179999812,849.7344640999888,850.1347226000014,850.1347226000014,850.635173299999,850.635173299999,852.6535114999949,853.6543612999756,vis1,3,1,vis,117.0,33.0,,0.0,True,True,False,True,False,False,False,True,False,True,False,True,False,False,True,False,False,True,False,False,True,False,False,False,False
854.0380358999917,854.0380358999917,855.5559801999859,855.5459801999859,855.6560545999762,856.0459801999859,,856.5568061999891,856.5568061999891,858.5585074999924,859.5760121999863,sound2,2,1,vis,118.0,34.0,,0.0,False,True,False,False,False,True,False,False,True,False,False,False,False,True,False,False,False,False,True,False,True,False,False,False,False
859.7094370999928,859.7094370999928,861.2108168999928,861.2108168999928,861.3108435999982,861.7111660000025,861.6278152999964,862.211540500002,862.211540500002,864.2298893999921,865.2307955999947,vis1,3,1,vis,119.0,35.0,,0.0,True,True,False,True,False,False,False,True,False,True,False,True,False,False,True,False,False,True,False,False,True,False,False,False,False
866.798764099987,866.798764099987,868.300040699987,868.300040699987,868.4001663999895,868.8004033999839,868.8170744000033,869.3009027000023,869.3009027000023,871.3191863999907,872.3200897000004,vis2,4,1,vis,120.0,36.0,,0.0,True,False,True,False,True,False,False,False,True,False,False,False,False,False,True,False,False,False,False,True,True,False,False,False,False
872.8538472000016,872.8538472000016,874.371780700001,874.361780700001,874.4718301999762,874.861780700001,874.6720296999936,875.3726816999931,875.3726816999931,877.3909742999911,878.391838099991,sound1,1,1,vis,121.0,37.0,,0.0,True,False,True,False,True,False,False,False,True,False,False,False,False,True,False,False,True,False,False,False,True,False,False,False,False
880.5436523000042,880.5436523000042,882.0616248999811,882.0616248999811,882.1616739999824,882.5620285999992,882.5620285999992,883.062470899991,883.062470899991,885.0806968999766,886.0815485,vis1,3,1,vis,122.0,38.0,,0.0,True,True,False,True,False,False,False,True,False,True,False,True,False,False,True,False,False,True,False,False,True,False,False,False,False
886.6987829999796,886.6987829999796,888.2167263999961,888.2167263999961,888.3167783999904,888.7171306999896,,889.2175394999883,889.2175394999883,891.235912199985,892.2367566999835,catch,0,1,vis,,,,,False,True,False,False,False,False,False,False,False,False,False,False,False,False,False,True,False,False,False,False,True,False,False,False,False
892.8706074000017,892.8706074000017,894.3719804999798,894.3719804999798,894.4719955999842,894.888966599983,894.8556769999939,895.3893915999886,895.3893915999886,897.3910608999811,898.3919830999891,vis2,4,1,vis,123.0,39.0,,0.0,True,False,True,False,True,False,False,False,True,False,False,False,False,False,True,False,False,False,False,True,True,False,False,False,False
899.3260546999898,899.3260546999898,900.8273873999804,900.8273873999804,900.9274648999942,901.3277219999961,901.4278655999894,901.8281437999774,901.8281437999774,903.8464948999842,904.8473269999756,vis1,3,1,vis,124.0,40.0,,0.0,True,True,False,True,False,False,False,True,False,True,False,True,False,False,True,False,False,True,False,False,True,False,False,False,False
908.4671368999786,908.4671368999786,909.9849750999799,909.9749750999799,910.0850328999893,910.4749750999799,,910.9858061999928,910.9858061999928,913.0041633999879,914.0049820999936,sound2,2,1,vis,125.0,41.0,,0.0,False,True,False,False,False,True,False,False,True,False,False,False,False,True,False,False,False,False,True,False,True,False,False,False,False
914.2385843999889,914.2385843999889,915.7398630999758,915.7398630999758,915.8399383000012,916.256912999999,,916.7573700999872,916.7573700999872,918.759008200004,919.7598360999925,vis2,4,1,vis,126.0,42.0,,0.0,False,True,False,False,False,True,False,False,True,False,False,False,False,False,True,False,False,False,False,True,True,False,False,False,False
919.909993899995,919.909993899995,921.4279196999939,921.4279196999939,921.5280056999852,921.9283382999799,,922.4287397999813,922.4287397999813,924.4471079000011,925.4479554999941,catch,0,1,vis,,,,,False,True,False,False,False,False,False,False,False,False,False,False,False,False,False,True,False,False,False,False,True,False,False,False,False
925.6981677999809,925.6981677999809,927.2161276999775,927.2061276999775,927.3162133999956,927.7061276999775,927.6164627999913,928.2169161999861,928.2169161999861,930.2186614999753,931.2361488999829,sound1,1,1,vis,127.0,43.0,,0.0,True,False,True,False,True,False,False,False,True,False,False,False,False,True,False,False,True,False,False,False,True,False,False,False,False
931.386284899994,931.386284899994,932.8875998999954,932.8775998999954,932.9876643999976,933.3775998999954,933.4046496999888,933.888348199989,933.888348199989,935.9067257999939,936.9075954999805,sound1,1,1,vis,128.0,44.0,,0.0,True,False,True,False,True,False,False,False,True,False,False,False,False,True,False,False,True,False,False,False,True,False,False,False,False
936.9243486999856,936.9243486999856,938.4421674999846,938.4421674999846,938.5422871999997,938.942624099998,,939.4430784999947,939.4430784999947,941.4448888999848,942.4622349999934,catch,0,1,vis,,,,,False,True,False,False,False,False,False,False,False,False,False,False,False,False,False,True,False,False,False,False,True,False,False,False,False
942.5790169999907,942.5790169999907,944.0803951999785,944.0803951999785,944.1804916999915,944.5806740999776,,945.0978790999886,945.0978790999886,947.099448999981,948.1003576000019,vis2,4,1,vis,129.0,45.0,,0.0,False,True,False,False,False,True,False,False,True,False,False,False,False,False,True,False,False,False,False,True,True,False,False,False,False
948.2837893999911,948.2837893999911,949.8018177999854,949.7918177999854,949.9018615000039,950.2918177999854,950.3021537999828,950.8025646999974,950.8025646999974,952.8209955,953.8217889999885,sound1,1,1,vis,130.0,46.0,,0.0,True,False,True,False,True,False,False,False,True,False,False,False,False,True,False,False,True,False,False,False,True,False,False,False,False
953.9051669999988,953.9051669999988,955.4235209999986,955.4235209999986,955.5233070999764,955.9235444000021,956.0236271999981,956.4240402999947,956.4240402999947,958.4257753999934,959.4432380999876,vis1,3,1,vis,131.0,47.0,,0.0,True,True,False,True,False,False,False,True,False,True,False,True,False,False,True,False,False,True,False,False,True,False,False,False,False
960.1437353000017,960.1437353000017,961.6449873999898,961.6349873999898,961.745065099976,962.1349873999898,961.9786277999899,962.645874699994,962.645874699994,964.6642305999792,965.6650354999963,sound1,1,1,vis,132.0,48.0,,0.0,True,False,True,False,True,False,False,False,True,False,False,False,False,True,False,False,True,False,False,False,True,False,False,False,False
966.5658199999978,966.5658199999978,968.0671340999922,968.0671340999922,968.1672113000038,968.5675033999812,968.4841124999891,969.0679269999762,969.0679269999762,971.0862717999933,972.0871337999795,vis1,3,1,vis,133.0,49.0,,0.0,True,True,False,True,False,False,False,True,False,True,False,True,False,False,True,False,False,True,False,False,True,False,False,False,False
974.1889011999972,974.1889011999972,975.6901745000011,975.6901745000011,975.7902609999962,976.1905345999783,976.1072377000035,976.6909757999908,976.6909757999908,978.7093112999953,979.7102698999895,vis2,4,1,vis,134.0,50.0,,0.0,True,False,True,False,True,False,False,False,True,False,False,False,False,False,True,False,False,False,False,True,True,False,False,False,False
982.0287813999837,982.0287813999837,983.530075299999,983.520075299999,983.6301506999969,984.020075299999,,984.5476484999906,984.5476484999906,986.5492563999812,987.550067199985,sound2,2,1,vis,135.0,51.0,,0.0,False,True,False,False,False,True,False,False,True,False,False,False,False,True,False,False,False,False,True,False,True,False,False,False,False
989.7185586999783,989.7185586999783,991.2366426999886,991.2266426999886,991.3366076999898,991.7266426999886,,992.2373828999787,992.2373828999787,994.2390259999754,995.2565626999801,sound2,2,1,vis,136.0,52.0,,0.0,False,True,False,False,False,True,False,False,True,False,False,False,False,True,False,False,False,False,True,False,True,False,False,False,False
995.4066735000031,995.4066735000031,996.9079459000002,996.8979459000002,997.0080203999912,997.3979459000002,,997.9087882999827,997.9087882999827,999.9271253999993,1000.928020400004,sound2,2,1,vis,137.0,53.0,,0.0,False,True,False,False,False,True,False,False,True,False,False,False,False,True,False,False,False,False,True,False,True,False,False,False,False
1001.628535399979,1001.628535399979,1003.1466723999854,1003.1466723999854,1003.2467429000042,1003.6468809000014,1003.680362599998,1004.1473390999979,1004.1473390999979,1006.1657529999882,1007.1665658999789,vis1,3,1,vis,138.0,54.0,,0.0,True,True,False,True,False,False,False,True,False,True,False,True,False,False,True,False,False,True,False,False,True,False,False,False,False
1010.2357924000041,1010.2357924000041,1011.7371969999892,1011.7371969999892,1011.837248399979,1012.2375007000026,1012.1541611999944,1012.7379589999998,1012.7379589999998,1014.7563322000003,1015.7571668999824,vis1,3,1,vis,139.0,55.0,,0.0,True,True,False,True,False,False,False,True,False,True,False,True,False,False,True,False,False,True,False,False,True,False,False,False,False
1016.807972599994,1016.807972599994,1018.3092936999835,1018.3092936999835,1018.4094262999804,1018.8096701999982,1018.79311019998,1019.3100624999877,1019.3100624999877,1021.3284369999981,1022.3292587999983,vis2,4,1,vis,140.0,56.0,,0.0,True,False,True,False,True,False,False,False,True,False,False,False,False,False,True,False,False,False,False,True,True,False,False,False,False
1025.1149495999941,1025.1149495999941,1026.6162612999995,1026.6162612999995,1026.7163505999868,1027.1333869999887,,1027.6337289000019,1027.6337289000019,1029.6353711999925,1030.6362714999793,vis2,4,1,vis,141.0,57.0,,0.0,False,True,False,False,False,True,False,False,True,False,False,False,False,False,True,False,False,False,False,True,True,False,False,False,False
1030.8697599999812,1030.8697599999812,1032.3878235999816,1032.3778235999816,1032.487822499979,1032.8778235999816,,1033.3885941999995,1033.3885941999995,1035.4069169999946,1036.4077473000013,sound2,2,1,vis,142.0,58.0,,0.0,False,True,False,False,False,True,False,False,True,False,False,False,False,True,False,False,False,False,True,False,True,False,False,False,False
1037.4252990000039,1037.4252990000039,1038.9432255999798,1038.9332255999798,1039.0432421999956,1039.4332255999798,1039.4269585999807,1039.9440976999847,1039.9440976999847,1041.9624223999942,1042.9632842999797,sound1,1,1,vis,143.0,59.0,,0.0,True,False,True,False,True,False,False,False,True,False,False,False,False,True,False,False,True,False,False,False,True,False,False,False,False
1045.6988904999832,1045.6988904999832,1047.2001966000041,1047.2001966000041,1047.3003354999908,1047.7005559000042,,1048.2010900999974,1048.2010900999974,1050.219376999981,1051.2202171000042,vis2,4,1,vis,144.0,60.0,,0.0,False,True,False,False,False,True,False,False,True,False,False,False,False,False,True,False,False,False,False,True,True,False,False,False,False
1052.0375484999765,1052.0375484999765,1053.555550400002,1053.555550400002,1053.6556634999959,1054.0559302999843,1054.0392926999864,1054.5563043999807,1054.5563043999807,1056.5746794999957,1057.5755518000021,vis1,3,1,vis,145.0,61.0,,0.0,True,True,False,True,False,False,False,True,False,True,False,True,False,False,True,False,False,True,False,False,True,False,False,False,False
1058.2761131999812,1058.2761131999812,1059.7941109000037,1059.7841109000037,1059.8941264999828,1060.2841109000037,,1060.7948432999926,1060.7948432999926,1062.7965965999845,1063.8140904999834,sound2,2,1,vis,146.0,62.0,,0.0,False,True,False,False,False,True,False,False,True,False,False,False,False,True,False,False,False,False,True,False,True,False,False,False,False
1065.2652655999789,1065.2652655999789,1066.7665626999894,1066.7565626999894,1066.8666984999816,1067.2565626999894,1067.1335487999984,1067.7840899999808,1067.7840899999808,1069.7857634999762,1070.8032981999947,sound1,1,1,vis,147.0,63.0,,0.0,True,False,True,False,True,False,False,False,True,False,False,False,False,True,False,False,True,False,False,False,True,False,False,False,False
1073.438835799994,1073.438835799994,1074.9567741000008,1074.9467741000008,1075.056994399996,1075.4467741000008,1075.223667699998,1075.9576488999971,1075.9576488999971,1077.976001199984,1078.976811099981,sound1,1,1,vis,148.0,64.0,,0.0,True,False,True,False,True,False,False,False,True,False,False,False,False,True,False,False,True,False,False,False,True,False,False,False,False
1079.9776767999954,1079.9776767999954,1081.495632999993,1081.485632999993,1081.595694999976,1081.985632999993,,1082.4964196999879,1082.4964196999879,1084.4981294999977,1085.5156386999968,sound2,2,1,vis,149.0,65.0,,0.0,False,True,False,False,False,True,False,False,True,False,False,False,False,True,False,False,False,False,True,False,True,False,False,False,False
1086.6666074999755,1086.6666074999755,1088.1846171000013,1088.1846171000013,1088.2847315999768,1088.6849638999936,,1089.1853700000008,1089.1853700000008,1091.1870333999775,1092.2045637999925,vis2,4,1,vis,150.0,66.0,,0.0,False,True,False,False,False,True,False,False,True,False,False,False,False,False,True,False,False,False,False,True,True,False,False,False,False
1092.6215993999883,1092.6215993999883,1094.1230021999888,1094.1230021999888,1094.223099899982,1094.6233347999894,1094.5899974999863,1095.1237012999861,1095.1237012999861,1097.1421431999859,1098.1429015999981,vis1,3,1,vis,151.0,67.0,,0.0,True,True,False,True,False,False,False,True,False,True,False,True,False,False,True,False,False,True,False,False,True,False,False,False,False
1098.4264801000043,1098.4264801000043,1099.9445001999936,1099.9445001999936,1100.0445691000002,1100.4448482999958,1100.3615237999854,1100.9452699999763,1100.9452699999763,1102.9636258999906,1103.9644671999938,vis1,3,1,vis,152.0,68.0,,0.0,True,True,False,True,False,False,False,True,False,True,False,True,False,False,True,False,False,True,False,False,True,False,False,False,False
1104.2980592999754,1104.2980592999754,1105.8160973999854,1105.8160973999854,1105.9161910999771,1106.3165681999906,1106.283241899984,1106.816985799998,1106.816985799998,1108.8185322999868,1109.836062600001,vis1,3,1,vis,153.0,69.0,,0.0,True,True,False,True,False,False,False,True,False,True,False,True,False,False,True,False,False,True,False,False,True,False,False,False,False
1110.052905999977,1110.052905999977,1111.5542388999982,1111.5542388999982,1111.6543048999827,1112.0545819999913,,1112.5550308000036,1112.5550308000036,1114.5733775999777,1115.5742459999835,vis2,4,1,vis,154.0,70.0,,0.0,False,True,False,False,False,True,False,False,True,False,False,False,False,False,True,False,False,False,False,True,True,False,False,False,False
1117.7260287999904,1117.7260287999904,1119.2272802000023,1119.2172802000023,1119.3273654999882,1119.7172802000023,,1120.2281604999823,1120.2281604999823,1122.2464674000018,1123.2473096999836,sound2,2,1,vis,155.0,71.0,,0.0,False,True,False,False,False,True,False,False,True,False,False,False,False,True,False,False,False,False,True,False,True,False,False,False,False
1125.0321015000025,1125.0321015000025,1126.5334024999845,1126.5234024999845,1126.6334753999924,1127.0234024999845,,1127.5510118999898,1127.5510118999898,1129.5525945999923,1130.5534866000032,sound2,2,1,vis,156.0,72.0,,0.0,False,True,False,False,False,True,False,False,True,False,False,False,False,True,False,False,False,False,True,False,True,False,False,False,False
1130.7369374999923,1130.7369374999923,1132.2549212999963,1132.2549212999963,1132.355066400001,1132.755315199998,1132.7053172999965,1133.255710999985,1133.255710999985,1135.2740654999886,1136.2749285999832,vis1,3,1,vis,157.0,73.0,,0.0,True,True,False,True,False,False,False,True,False,True,False,True,False,False,True,False,False,True,False,False,True,False,False,False,False
1136.5251250999952,1136.5251250999952,1138.0264015999944,1138.0164015999944,1138.143183499991,1138.5164015999944,,1139.0438958999964,1139.0438958999964,1141.0455964999944,1142.0630906999957,sound2,2,1,vis,158.0,74.0,,0.0,False,True,False,False,False,True,False,False,True,False,False,False,False,True,False,False,False,False,True,False,True,False,False,False,False
1143.4476644999902,1143.4476644999902,1144.9488784999792,1144.9388784999792,1145.0489081999783,1145.4388784999792,,1145.9663781999932,1145.9663781999932,1147.9680602999958,1148.9855752999808,sound2,2,1,vis,159.0,75.0,,0.0,False,True,False,False,False,True,False,False,True,False,False,False,False,True,False,False,False,False,True,False,True,False,False,False,False
1149.702810299999,1149.702810299999,1151.2041028999754,1151.1941028999754,1151.304191299985,1151.6941028999754,,1152.2049306999922,1152.2049306999922,1154.2233139999823,1155.2241797999975,sound1,1,1,vis,160.0,76.0,,0.0,False,True,False,False,False,True,False,False,True,False,False,False,False,True,False,False,True,False,False,False,True,False,False,False,False
1165.2826139999759,1165.2826139999759,1166.8006450999908,1166.8006450999908,1166.9007471999882,1167.3009705999955,1167.3176411999827,1167.801415499978,1167.801415499978,1169.8030386999978,1170.8205836999784,vis1,3,1,vis,161.0,77.0,,0.0,True,True,False,True,False,False,False,True,False,True,False,True,False,False,True,False,False,True,False,False,True,False,False,False,False
1171.7546562999867,1171.7546562999867,1173.2727615999845,1173.2727615999845,1173.372789900002,1173.7730359999784,1173.7564410999855,1174.2734317999946,1174.2734317999946,1176.2751117999812,1177.2926487999882,vis2,4,1,vis,162.0,78.0,,0.0,True,False,True,False,True,False,False,False,True,False,False,False,False,False,True,False,False,False,False,True,True,False,False,False,False
1177.3427263999854,1177.3427263999854,1178.8440113999911,1178.8440113999911,1178.9441019999883,1179.344388199979,,1179.844773700004,1179.844773700004,1181.863130099993,1182.8640089999915,catch,0,1,vis,,,,,False,True,False,False,False,False,False,False,False,False,False,False,False,False,False,True,False,False,False,False,True,False,False,False,False
1184.982534599994,1184.982534599994,1186.4837076999918,1186.4737076999918,1186.5837967999776,1186.9737076999918,1186.9674652999763,1187.4845482999897,1187.4845482999897,1189.5029527999957,1190.5037502999855,sound1,1,1,vis,163.0,79.0,,0.0,True,False,True,False,True,False,False,False,True,False,False,False,False,True,False,False,True,False,False,False,True,False,False,False,False
1191.1710020999978,1191.1710020999978,1192.6889917999886,1192.6889917999886,1192.789085599981,1193.1893404999953,1193.156011599998,1193.6897564999906,1193.6897564999906,1195.708292199977,1196.7089869999998,vis2,4,1,vis,164.0,80.0,,0.0,True,False,True,False,True,False,False,False,True,False,False,False,False,False,True,False,False,False,False,True,True,False,False,False,False
1197.4262301999931,1197.4262301999931,1198.9442021999946,1198.9342021999946,1199.0442443000009,1199.4342021999946,1199.3612135999808,1199.9450780999994,1199.9450780999994,1201.9633955999832,1202.9642505000027,sound1,1,1,vis,165.0,81.0,,0.0,True,False,True,False,True,False,False,False,True,False,False,False,False,True,False,False,True,False,False,False,True,False,False,False,False
1203.614758999998,1203.614758999998,1205.1160125999975,1205.1160125999975,1205.216197999989,1205.6331005999907,,1206.133588699982,1206.133588699982,1208.1352580999753,1209.1527190999857,catch,0,1,vis,,,,,False,True,False,False,False,False,False,False,False,False,False,False,False,False,False,True,False,False,False,False,True,False,False,False,False
1212.5556770999772,1212.5556770999772,1214.056879199992,1214.046879199992,1214.156907699982,1214.546879199992,1214.6406917999936,1215.0577083999904,1215.0577083999904,1217.0760683999777,1218.0769891000034,sound1,1,1,vis,166.0,82.0,,0.0,True,False,True,False,True,False,False,False,True,False,False,False,False,True,False,False,True,False,False,False,True,False,False,False,False
1219.0611073999987,1219.0611073999987,1220.5790132999916,1220.5690132999916,1220.6790473999952,1221.0690132999916,1221.1461878999924,1221.5799134999777,1221.5799134999777,1223.5983040999943,1224.5990432999768,sound1,1,2,sound,167.0,0.0,0.0,0.0,True,False,False,False,False,False,False,False,False,True,True,False,True,True,False,False,True,False,False,False,False,True,True,False,False
1227.2846603999876,1227.2846603999876,1228.7859368999868,1228.7759368999868,1228.8860077999796,1229.2759368999868,1229.086155799983,1229.7867310999807,1229.7867310999807,1231.8051699999867,1232.8059802999867,sound1,1,2,sound,168.0,1.0,1.0,0.0,True,False,False,False,False,False,False,False,False,True,True,False,True,True,False,False,True,False,False,False,False,True,False,False,False
1233.1061691999873,1233.1061691999873,1234.6240977999785,1234.6140977999785,1234.7241787999899,1235.1140977999785,1234.840970400002,1235.6249918999763,1235.6249918999763,1237.6433232999786,1238.6441558000022,sound1,1,2,sound,169.0,2.0,2.0,0.0,True,False,False,False,False,False,False,False,False,True,True,False,True,True,False,False,True,False,False,False,False,True,False,False,False
1239.044579099989,1239.044579099989,1240.562400399978,1240.552400399978,1240.662482399997,1241.052400399978,1240.7793311999792,1241.5633011999978,1241.5633011999978,1243.5649557999948,1244.582546999978,sound1,1,2,sound,170.0,3.0,3.0,0.0,True,False,False,False,False,False,False,False,False,True,True,False,True,True,False,False,True,False,False,False,False,True,False,False,False
1246.8677740999935,1246.8677740999935,1248.3856753999805,1248.3756753999805,1248.4857627999825,1248.8756753999805,1248.5858480999975,1249.3865067999957,1249.3865067999957,1251.4048854999799,1252.4057315999905,sound1,1,2,sound,171.0,4.0,4.0,0.0,True,False,False,False,False,False,False,False,False,True,True,False,True,True,False,False,True,False,False,False,False,True,False,False,False
1253.6567569999986,1253.6567569999986,1255.174725300001,1255.174725300001,1255.2747824999767,1255.6751744999872,,1256.1755709999795,1256.1755709999795,1258.1772376999813,1259.1947857999855,catch,0,2,sound,,,,,False,True,False,False,False,False,False,False,False,False,False,False,False,False,False,True,False,False,False,False,False,True,False,False,False
1259.6784457999836,1259.6784457999836,1261.179736699976,1261.169736699976,1261.2798666999822,1261.669736699976,,1262.1972612000043,1262.1972612000043,1264.1989641999915,1265.1997892999877,sound2,2,2,sound,172.0,5.0,,0.0,False,True,False,False,False,True,False,False,True,False,False,False,False,True,False,False,False,False,True,False,False,True,False,False,False
1266.334091299979,1266.334091299979,1267.835398199977,1267.835398199977,1267.9355375999965,1268.3357414,,1268.8361598999852,1268.8361598999852,1270.8545047000023,1271.8553989000009,vis2,4,2,sound,173.0,6.0,,0.0,False,True,False,False,False,True,False,False,True,False,False,False,False,False,True,False,False,False,False,True,False,True,False,False,False
1272.2557318999986,1272.2557318999986,1273.7737877999987,1273.7637877999987,1273.8737811999833,1274.2637877999987,1274.2240770000005,1274.7744815999847,1274.7744815999847,1276.7928115999764,1277.7936971999968,sound1,1,2,sound,174.0,7.0,,0.0,True,True,False,True,False,False,False,True,False,True,False,True,False,True,False,False,True,False,False,False,False,True,False,False,False
1278.260790399983,1278.260790399983,1279.7787126999845,1279.7687126999845,1279.8788066999784,1280.2687126999845,,1280.7795001999855,1280.7795001999855,1282.7812196999819,1283.7987328999823,sound2,2,2,sound,175.0,8.0,,0.0,False,True,False,False,False,True,False,False,True,False,False,False,False,True,False,False,False,False,True,False,False,True,False,False,False
1284.2325069999877,1284.2325069999877,1285.7336651999883,1285.7236651999883,1285.8337617000013,1286.2236651999883,,1286.7345201999794,1286.7345201999794,1288.752941099994,1289.7537711999992,sound2,2,2,sound,176.0,9.0,,0.0,False,True,False,False,False,True,False,False,True,False,False,False,False,True,False,False,False,False,True,False,False,True,False,False,False
1291.1215495999875,1291.1215495999875,1292.6227984999803,1292.6127984999803,1292.7229408999935,1293.1127984999803,1293.0398666999915,1293.6236456999993,1293.6236456999993,1295.6420275999787,1296.6428223999771,sound1,1,2,sound,177.0,10.0,,0.0,True,True,False,True,False,False,False,True,False,True,False,True,False,True,False,False,True,False,False,False,False,True,False,False,False
1301.180026900003,1301.180026900003,1302.6979902999972,1302.6979902999972,1302.7980721999863,1303.1983576,,1303.698758799999,1303.698758799999,1305.717135099994,1306.7180385999761,vis2,4,2,sound,178.0,11.0,,0.0,False,True,False,False,False,True,False,False,True,False,False,False,False,False,True,False,False,False,False,True,False,True,False,False,False
1307.2183757999826,1307.2183757999826,1308.7363733000036,1308.7363733000036,1308.836446399984,1309.23674859998,,1309.7372303999816,1309.7372303999816,1311.738851699987,1312.756400699998,vis2,4,2,sound,179.0,12.0,,0.0,False,True,False,False,False,True,False,False,True,False,False,False,False,False,True,False,False,False,False,True,False,True,False,False,False
1313.790581099989,1313.790581099989,1315.3086267999986,1315.3086267999986,1315.4086676999957,1315.8089381999832,1315.8256326999779,1316.3093728999754,1316.3093728999754,1318.3111062999903,1319.328555599999,vis1,3,2,sound,180.0,13.0,,0.0,True,False,True,False,True,False,False,False,True,False,False,False,False,False,True,False,False,True,False,False,False,True,False,False,False
1319.8623324000016,1319.8623324000016,1321.363619599995,1321.353619599995,1321.46370609999,1321.853619599995,1321.7806784999937,1322.364463899992,1322.364463899992,1324.3828234999762,1325.3836691999838,sound1,1,2,sound,181.0,14.0,,0.0,True,True,False,True,False,False,False,True,False,True,False,True,False,True,False,False,True,False,False,False,False,True,False,False,False
1325.934157999998,1325.934157999998,1327.45223959999,1327.45223959999,1327.5521738999903,1327.9524681999844,1327.9025106999995,1328.4533201999818,1328.4533201999818,1330.471370699999,1331.472151499978,vis1,3,2,sound,182.0,15.0,,0.0,True,False,True,False,True,False,False,False,True,False,False,False,False,False,True,False,False,True,False,False,False,True,False,False,False
1333.9074843999786,1333.9074843999786,1335.4086814999844,1335.3986814999844,1335.5088922999946,1335.8986814999844,1335.725643499996,1336.409565299991,1336.409565299991,1338.4279065999815,1339.4288346999763,sound1,1,2,sound,183.0,16.0,,0.0,True,True,False,True,False,False,False,True,False,True,False,True,False,True,False,False,True,False,False,False,False,True,False,False,False
1340.229410299982,1340.229410299982,1341.7474355999818,1341.7474355999818,1341.8474944999996,1342.2477775999957,,1342.7481970999886,1342.7481970999886,1344.7665365999944,1345.7674298999862,vis2,4,2,sound,184.0,17.0,,0.0,False,True,False,False,False,True,False,False,True,False,False,False,False,False,True,False,False,False,False,True,False,True,False,False,False
1348.1194235999808,1348.1194235999808,1349.6207044999844,1349.6207044999844,1349.7207855999966,1350.1210629999784,1350.1877869999823,1350.621550199992,1350.621550199992,1352.6398465999898,1353.6407693000017,vis1,3,2,sound,185.0,18.0,,0.0,True,False,True,False,True,False,False,False,True,False,False,False,False,False,True,False,False,True,False,False,False,True,False,False,False
1353.8408402000002,1353.8408402000002,1355.3588533999953,1355.3588533999953,1355.4589365999943,1355.8592120999908,1355.825900799982,1356.3596668999905,1356.3596668999905,1358.378013999996,1359.3787971999934,vis1,3,2,sound,186.0,19.0,,0.0,True,False,True,False,True,False,False,False,True,False,False,False,False,False,True,False,False,True,False,False,False,True,False,False,False
1360.7299612999866,1360.7299612999866,1362.2479052999786,1362.2379052999786,1362.3480192999793,1362.7379052999786,,1363.248745300001,1363.248745300001,1365.267097599988,1366.2679454999832,sound2,2,2,sound,187.0,20.0,,0.0,False,True,False,False,False,True,False,False,True,False,False,False,False,True,False,False,False,False,True,False,False,True,False,False,False
1367.769193199996,1367.769193199996,1369.2871852999758,1369.2771852999758,1369.3872695999833,1369.7771852999758,,1370.287993899992,1370.287993899992,1372.3064019999963,1373.3071699999944,sound2,2,2,sound,188.0,21.0,,0.0,False,True,False,False,False,True,False,False,True,False,False,False,False,True,False,False,False,False,True,False,False,True,False,False,False
1373.423943199983,1373.423943199983,1374.9252439999925,1374.9252439999925,1375.0253795999831,1375.4424202999887,,1375.9427348999977,1375.9427348999977,1377.9444044999925,1378.945264299991,vis2,4,2,sound,189.0,22.0,,0.0,False,True,False,False,False,True,False,False,True,False,False,False,False,False,True,False,False,False,False,True,False,True,False,False,False
1379.5957876999835,1379.5957876999835,1381.0970700999985,1381.0870700999985,1381.1971851999785,1381.5870700999985,1381.4307037999768,1382.0978898999836,1382.0978898999836,1384.1162830999908,1385.1171418999818,sound1,1,2,sound,190.0,23.0,,0.0,True,True,False,True,False,False,False,True,False,True,False,True,False,True,False,False,True,False,False,False,False,True,False,False,False
1385.767719299978,1385.767719299978,1387.285656599977,1387.285656599977,1387.3857779000043,1387.7861334999996,1387.719359199991,1388.2864454999888,1388.2864454999888,1390.304785199996,1391.3056524999936,vis1,3,2,sound,191.0,24.0,,0.0,True,False,True,False,True,False,False,False,True,False,False,False,False,False,True,False,False,True,False,False,False,True,False,False,False
1393.0737932999998,1393.0737932999998,1394.5917766,1394.5917766,1394.691849899982,1395.092155,1394.9253507999908,1395.5926276999905,1395.5926276999905,1397.610913899998,1398.6118672999817,vis2,4,2,sound,192.0,25.0,,0.0,True,False,True,False,True,False,False,False,True,False,False,False,False,False,True,False,False,False,False,True,False,True,False,False,False
1398.6284510999774,1398.6284510999774,1400.129708399976,1400.129708399976,1400.2465104999808,1400.646822599994,,1401.1472189999856,1401.1472189999856,1403.1489063999995,1404.1664305999964,catch,0,2,sound,,,,,False,True,False,False,False,False,False,False,False,False,False,False,False,False,False,True,False,False,False,False,False,True,False,False,False
1405.2340041999794,1405.2340041999794,1406.73531909998,1406.73531909998,1406.8354247999757,1407.2523359999848,,1407.7528116999981,1407.7528116999981,1409.7544747000009,1410.7553949999945,vis1,3,2,sound,193.0,26.0,,0.0,False,True,False,False,False,True,False,False,True,False,False,False,False,False,True,False,False,True,False,False,False,True,False,False,False
1411.1389417999978,1411.1389417999978,1412.640200499978,1412.630200499978,1412.7402759999766,1413.130200499978,,1413.6410350999884,1413.6410350999884,1415.6594092999965,1416.660250099996,sound2,2,2,sound,194.0,27.0,,0.0,False,True,False,False,False,True,False,False,True,False,False,False,False,True,False,False,False,False,True,False,False,True,False,False,False
1416.7269595999767,1416.7269595999767,1418.244953700001,1418.234953700001,1418.3450402999968,1418.734953700001,,1419.2457465999848,1419.2457465999848,1421.247447999989,1422.2649973000023,sound2,2,2,sound,195.0,28.0,,0.0,False,True,False,False,False,True,False,False,True,False,False,False,False,True,False,False,False,False,True,False,False,True,False,False,False
1423.632748599988,1423.632748599988,1425.150798299999,1425.150798299999,1425.250844999982,1425.6511980999874,,1426.151502100003,1426.151502100003,1428.1533025000042,1429.1707381999965,vis2,4,2,sound,196.0,29.0,,0.0,False,True,False,False,False,True,False,False,True,False,False,False,False,False,True,False,False,False,False,True,False,True,False,False,False
1429.787998499998,1429.787998499998,1431.2891878000025,1431.2891878000025,1431.3892734999915,1431.7896005000018,,1432.3067583000027,1432.3067583000027,1434.3083858999978,1435.3092156,catch,0,2,sound,,,,,False,True,False,False,False,False,False,False,False,False,False,False,False,False,False,True,False,False,False,False,False,True,False,False,False
1436.410152199978,1436.410152199978,1437.9115244999791,1437.9115244999791,1438.0115477999877,1438.411846599987,1438.3952159999842,1438.912279299993,1438.912279299993,1440.9306324999868,1441.9314565999755,vis1,3,2,sound,197.0,30.0,,0.0,True,False,True,False,True,False,False,False,True,False,False,False,False,False,True,False,False,True,False,False,False,True,False,False,False
1445.2675965000033,1445.2675965000033,1446.785583300001,1446.785583300001,1446.885691799989,1447.2859443999857,,1447.786405999979,1447.786405999979,1449.804732999977,1450.8055553999818,vis2,4,2,sound,198.0,31.0,,0.0,False,True,False,False,False,True,False,False,True,False,False,False,False,False,True,False,False,False,False,True,False,True,False,False,False
1451.1559598999827,1451.1559598999827,1452.6738883000014,1452.6738883000014,1452.7740082999896,1453.1742561999797,,1453.6746524999996,1453.6746524999996,1455.676365000001,1456.6938945999807,vis2,4,2,sound,199.0,32.0,,0.0,False,True,False,False,False,True,False,False,True,False,False,False,False,False,True,False,False,False,False,True,False,True,False,False,False
1457.3110322999798,1457.3110322999798,1458.8124183999987,1458.8124183999987,1458.9124282999926,1459.3127544999968,,1459.8131489000023,1459.8131489000023,1461.8315874999769,1462.8323739999994,vis2,4,2,sound,200.0,33.0,,0.0,False,True,False,False,False,True,False,False,True,False,False,False,False,False,True,False,False,False,False,True,False,True,False,False,False
1467.8865684999998,1467.8865684999998,1469.3879405999994,1469.3879405999994,1469.487986699978,1469.8882754999884,1469.9383073999868,1470.388659500002,1470.388659500002,1472.4071573999915,1473.407885399976,vis1,3,2,sound,201.0,34.0,,0.0,True,False,True,False,True,False,False,False,True,False,False,False,False,False,True,False,False,True,False,False,False,True,False,False,False
1475.226097799992,1475.226097799992,1476.7273207999913,1476.7173207999913,1476.8274058999757,1477.2173207999913,,1477.728255999982,1477.728255999982,1479.7465545999964,1480.7474030999963,sound2,2,2,sound,202.0,35.0,,0.0,False,True,False,False,False,True,False,False,True,False,False,False,False,True,False,False,False,False,True,False,False,True,False,False,False
1481.4813183999884,1481.4813183999884,1482.9825368999825,1482.9725368999825,1483.0827167999903,1483.4725368999825,1483.3496514999804,1483.9834452000011,1483.9834452000011,1486.0017899999891,1487.002650899996,sound1,1,2,sound,203.0,36.0,,0.0,True,True,False,True,False,False,False,True,False,True,False,True,False,True,False,False,True,False,False,False,False,True,False,False,False
1489.6381697999984,1489.6381697999984,1491.1394753999864,1491.1394753999864,1491.2395648000036,1491.6398424999877,,1492.156962399991,1492.156962399991,1494.1586311999797,1495.159460899982,vis1,3,2,sound,204.0,37.0,,0.0,False,True,False,False,False,True,False,False,True,False,False,False,False,False,True,False,False,True,False,False,False,True,False,False,False
1495.860135899982,1495.860135899982,1497.3613534999984,1497.3513534999984,1497.4614155999823,1497.8513534999984,1497.661599199995,1498.3621641000007,1498.3621641000007,1500.380575099998,1501.3813427999937,sound1,1,2,sound,205.0,38.0,,0.0,True,True,False,True,False,False,False,True,False,True,False,True,False,True,False,False,True,False,False,False,False,True,False,False,False
1501.6315783999833,1501.6315783999833,1503.1495258000011,1503.1495258000011,1503.2496677999823,1503.6499569999958,1503.5332275999915,1504.1503508999974,1504.1503508999974,1506.1520214999998,1507.1696028999957,vis1,3,2,sound,206.0,39.0,,0.0,True,False,True,False,True,False,False,False,True,False,False,False,False,False,True,False,False,True,False,False,False,True,False,False,False
1507.5531954999985,1507.5531954999985,1509.054444499992,1509.044444499992,1509.1545624999942,1509.544444499992,,1510.0720620000009,1510.0720620000009,1512.0736697999907,1513.0745423999995,sound2,2,2,sound,207.0,40.0,,0.0,False,True,False,False,False,True,False,False,True,False,False,False,False,True,False,False,False,False,True,False,False,True,False,False,False
1513.4916376999843,1513.4916376999843,1515.0094583999978,1514.9994583999978,1515.109519600004,1515.4994583999978,1515.3263811000013,1516.0103244999862,1516.0103244999862,1518.028654100004,1519.0295367000015,sound1,1,2,sound,208.0,41.0,,0.0,True,True,False,True,False,False,False,True,False,True,False,True,False,True,False,False,True,False,False,False,False,True,False,False,False
1520.2472035999906,1520.2472035999906,1521.765122999999,1521.755122999999,1521.8652164999892,1522.255122999999,1522.0987690999843,1522.7659810999846,1522.7659810999846,1524.7843839999784,1525.7851748999763,sound1,1,2,sound,209.0,42.0,,0.0,True,True,False,True,False,False,False,True,False,True,False,True,False,True,False,False,True,False,False,False,False,True,False,False,False
1528.6208997999872,1528.6208997999872,1530.122112299994,1530.112112299994,1530.2222239999771,1530.612112299994,1530.5391572000024,1531.1229748999847,1531.1229748999847,1533.1413748999855,1534.142173399983,sound1,1,2,sound,210.0,43.0,,0.0,True,True,False,True,False,False,False,True,False,True,False,True,False,True,False,False,True,False,False,False,False,True,False,False,False
1534.3423325999845,1534.3423325999845,1535.8603028000014,1535.8503028000014,1535.9603642999807,1536.3503028000014,,1536.8611401000032,1536.8611401000032,1538.8794937,1539.880396000002,sound2,2,2,sound,211.0,44.0,,0.0,False,True,False,False,False,True,False,False,True,False,False,False,False,True,False,False,False,False,True,False,False,True,False,False,False
1544.1005325999956,1544.1005325999956,1545.618549799992,1545.618549799992,1545.7185910999922,1546.1189864999994,,1546.6193263999974,1546.6193263999974,1548.621013899983,1549.6386539999892,vis1,3,2,sound,212.0,45.0,,0.0,False,True,False,False,False,True,False,False,True,False,False,False,False,False,True,False,False,True,False,False,False,True,False,False,False
1550.7394055999846,1550.7394055999846,1552.2574554999971,1552.2574554999971,1552.3575642999874,1552.7578400999862,,1553.258232699978,1553.258232699978,1555.276597400001,1556.2774407999912,vis1,3,2,sound,213.0,46.0,,0.0,False,True,False,False,False,True,False,False,True,False,False,False,False,False,True,False,False,True,False,False,False,True,False,False,False
1557.8622028000043,1557.8622028000043,1559.3800833999792,1559.3700833999792,1559.4801189999941,1559.8700833999792,,1560.3808372999863,1560.3808372999863,1562.3992267999945,1563.400080400004,sound2,2,2,sound,214.0,47.0,,0.0,False,True,False,False,False,True,False,False,True,False,False,False,False,True,False,False,False,False,True,False,False,True,False,False,False
1564.3009358999932,1564.3009358999932,1565.8021892999911,1565.8021892999911,1565.902294999987,1566.3192634999957,,1566.8195777000017,1566.8195777000017,1568.8379741000042,1569.8387785999892,vis2,4,2,sound,215.0,48.0,,0.0,False,True,False,False,False,True,False,False,True,False,False,False,False,False,True,False,False,False,False,True,False,True,False,False,False
1569.872183899986,1569.872183899986,1571.3901377999953,1571.3801377999953,1571.4902126999893,1571.8801377999953,,1572.3909687999783,1572.3909687999783,1574.4093064999995,1575.410178400003,sound2,2,2,sound,216.0,49.0,,0.0,False,True,False,False,False,True,False,False,True,False,False,False,False,True,False,False,False,False,True,False,False,True,False,False,False
1576.0273509999768,1576.0273509999768,1577.5286001000002,1577.5186001000002,1577.6286793999986,1578.0186001000002,1577.8622456999817,1578.5462711999805,1578.5462711999805,1580.5477954000032,1581.565279799988,sound1,1,2,sound,217.0,50.0,,0.0,True,True,False,True,False,False,False,True,False,True,False,True,False,True,False,False,True,False,False,False,False,True,False,False,False
1584.0340958999966,1584.0340958999966,1585.552047999992,1585.542047999992,1585.652097299995,1586.042047999992,1585.9690768999951,1586.5528413999798,1586.5528413999798,1588.571286,1589.5719880999911,sound1,1,2,sound,218.0,51.0,,0.0,True,True,False,True,False,False,False,True,False,True,False,True,False,True,False,False,True,False,False,False,False,True,False,False,False
1589.7889171999793,1589.7889171999793,1591.306832299984,1591.296832299984,1591.406915599984,1591.796832299984,,1592.3076818999923,1592.3076818999923,1594.3260296000024,1595.3436421000022,sound2,2,2,sound,219.0,52.0,,0.0,False,True,False,False,False,True,False,False,True,False,False,False,False,True,False,False,False,False,True,False,False,True,False,False,False
1595.460336400001,1595.460336400001,1596.9616426999944,1596.9616426999944,1597.0617643999956,1597.478682900002,,1597.9791052999879,1597.9791052999879,1599.997479899999,1600.9982841999824,vis1,3,2,sound,220.0,53.0,,0.0,False,True,False,False,False,True,False,False,True,False,False,False,False,False,True,False,False,True,False,False,False,True,False,False,False
1601.732255299992,1601.732255299992,1603.250206699982,1603.240206699982,1603.3503166999815,1603.740206699982,1603.5671361999791,1604.251120199982,1604.251120199982,1606.2693907999871,1607.28695399999,sound1,1,2,sound,221.0,54.0,,0.0,True,True,False,True,False,False,False,True,False,True,False,True,False,True,False,False,True,False,False,False,False,True,False,False,False
1607.7539541999956,1607.7539541999956,1609.2552950999905,1609.2552950999905,1609.355363599994,1609.7723271999946,,1610.2727193999833,1610.2727193999833,1612.2911381999818,1613.2920064999869,vis2,4,2,sound,222.0,55.0,,0.0,False,True,False,False,False,True,False,False,True,False,False,False,False,False,True,False,False,False,False,True,False,True,False,False,False
1614.6431281999774,1614.6431281999774,1616.144390899988,1616.144390899988,1616.2444793999982,1616.6448862999766,,1617.161890600002,1617.161890600002,1619.1635511999864,1620.1810876999896,vis2,4,2,sound,223.0,56.0,,0.0,False,True,False,False,False,True,False,False,True,False,False,False,False,False,True,False,False,False,False,True,False,True,False,False,False
1625.8524726999838,1625.8524726999838,1627.370514899996,1627.360514899996,1627.4705115999766,1627.860514899996,,1628.3713091999905,1628.3713091999905,1630.3896601999966,1631.4071821999767,sound2,2,2,sound,224.0,57.0,,0.0,False,True,False,False,False,True,False,False,True,False,False,False,False,True,False,False,False,False,True,False,False,True,False,False,False
1632.041035299984,1632.041035299984,1633.5590682999843,1633.5590682999843,1633.659150000001,1634.0594010999864,,1634.559816999981,1634.559816999981,1636.5781810999995,1637.5790252999957,vis2,4,2,sound,225.0,58.0,,0.0,False,True,False,False,False,True,False,False,True,False,False,False,False,False,True,False,False,False,False,True,False,True,False,False,False
1637.7457994999802,1637.7457994999802,1639.2638267999953,1639.2638267999953,1639.3639031,1639.7641797999765,,1640.2646003999778,1640.2646003999778,1642.2829648999993,1643.2838228999842,vis2,4,2,sound,226.0,59.0,,0.0,False,True,False,False,False,True,False,False,True,False,False,False,False,False,True,False,False,False,False,True,False,True,False,False,False
1643.3672240999965,1643.3672240999965,1644.8685351999973,1644.8685351999973,1644.9685465000018,1645.3688670999925,,1645.8859995000037,1645.8859995000037,1647.8876438999812,1648.9052732999933,vis1,3,2,sound,227.0,60.0,,0.0,False,True,False,False,False,True,False,False,True,False,False,False,False,False,True,False,False,True,False,False,False,True,False,False,False
1650.4064416999843,1650.4064416999843,1651.9244620000043,1651.9244620000043,1652.0245165999893,1652.4248531999854,1652.3581853000012,1652.9252062999965,1652.9252062999965,1654.9436584999874,1655.9611392000022,vis1,3,2,sound,228.0,61.0,,0.0,True,False,True,False,True,False,False,False,True,False,False,False,False,False,True,False,False,True,False,False,False,True,False,False,False
1656.2947134999938,1656.2947134999938,1657.7960085999891,1657.7960085999891,1657.912751799982,1658.3130247999886,,1658.8134866999842,1658.8134866999842,1660.831856499988,1661.8327689999803,catch,0,2,sound,,,,,False,True,False,False,False,False,False,False,False,False,False,False,False,False,False,True,False,False,False,False,False,True,False,False,False
1663.133836599978,1663.133836599978,1664.6350761999872,1664.6250761999872,1664.7351339999966,1665.1250761999872,1665.068748999978,1665.6525454000018,1665.6525454000018,1667.6709006999824,1668.6718268999919,sound1,1,2,sound,229.0,62.0,,0.0,True,True,False,True,False,False,False,True,False,True,False,True,False,True,False,False,True,False,False,False,False,True,False,False,False
1670.056260399995,1670.056260399995,1671.5575264000015,1671.5475264000015,1671.6576788999753,1672.0475264000015,1671.8911435999996,1672.5750620999986,1672.5750620999986,1674.5767234999892,1675.5942959000038,sound1,1,2,sound,230.0,63.0,,0.0,True,True,False,True,False,False,False,True,False,True,False,True,False,True,False,False,True,False,False,False,False,True,False,False,False
1676.4949996000012,1676.4949996000012,1678.0129981000007,1678.0029981000007,1678.113047599976,1678.5029981000007,,1679.013848499986,1679.013848499986,1681.0321321000026,1682.0497200999905,sound2,2,2,sound,231.0,64.0,,0.0,False,True,False,False,False,True,False,False,True,False,False,False,False,True,False,False,False,False,True,False,False,True,False,False,False
1682.1664652999987,1682.1664652999987,1683.6678368999944,1683.6678368999944,1683.7678527000041,1684.1681040999918,,1684.6852229999874,1684.6852229999874,1686.6869057999954,1687.704424699981,vis2,4,2,sound,232.0,65.0,,0.0,False,True,False,False,False,True,False,False,True,False,False,False,False,False,True,False,False,False,False,True,False,True,False,False,False
1688.6052204999812,1688.6052204999812,1690.123180299977,1690.113180299977,1690.2232775999962,1690.613180299977,,1691.1239564999794,1691.1239564999794,1693.1423425999908,1694.1598062999926,sound2,2,2,sound,233.0,66.0,,0.0,False,True,False,False,False,True,False,False,True,False,False,False,False,True,False,False,False,False,True,False,False,True,False,False,False
1694.4100811999904,1694.4100811999904,1695.9112809999876,1695.9012809999876,1696.0113829999843,1696.4012809999876,1696.2616832,1696.9288557999914,1696.9288557999914,1698.9471980999895,1699.9480083999895,sound1,1,2,sound,234.0,67.0,,0.0,True,True,False,True,False,False,False,True,False,True,False,True,False,True,False,False,True,False,False,False,False,True,False,False,False
1700.1481869999932,1700.1481869999932,1701.6661598000007,1701.6561598000008,1701.7661926999951,1702.1561598000008,,1702.6669555999777,1702.6669555999777,1704.6853131000041,1705.6861622999802,sound2,2,2,sound,235.0,68.0,,0.0,False,True,False,False,False,True,False,False,True,False,False,False,False,True,False,False,False,False,True,False,False,True,False,False,False
1707.45432649999,1707.45432649999,1708.9722812999769,1708.962281299977,1709.0723534999795,1709.462281299977,1709.3058853999917,1709.9730934999914,1709.9730934999914,1711.9914407999984,1712.9923052000029,sound1,1,2,sound,236.0,69.0,,0.0,True,True,False,True,False,False,False,True,False,True,False,True,False,True,False,False,True,False,False,False,False,True,False,False,False
1713.3592991999847,1713.3592991999847,1714.877278699985,1714.877278699985,1714.9773655999832,1715.3776655999916,,1715.8947313999904,1715.8947313999904,1717.896417699996,1718.9139569999913,vis1,3,2,sound,237.0,70.0,,0.0,False,True,False,False,False,True,False,False,True,False,False,False,False,False,True,False,False,True,False,False,False,True,False,False,False
1720.832239899997,1720.832239899997,1722.3335338999839,1722.3335338999839,1722.4336061999873,1722.8506566999802,,1723.351051799991,1723.351051799991,1725.3527815999785,1726.370244999978,vis2,4,2,sound,238.0,71.0,,0.0,False,True,False,False,False,True,False,False,True,False,False,False,False,False,True,False,False,False,False,True,False,True,False,False,False
1727.3877217999923,1727.3877217999923,1728.905737599978,1728.905737599978,1729.0058181999864,1729.4061094999868,,1729.9065107999866,1729.9065107999866,1731.924883199981,1732.9423762000022,vis2,4,2,sound,239.0,72.0,,0.0,False,True,False,False,False,True,False,False,True,False,False,False,False,False,True,False,False,False,False,True,False,True,False,False,False
1733.859825100002,1733.859825100002,1735.3778135999835,1735.3778135999835,1735.4779119999819,1735.878170299993,1735.878170299993,1736.3785988999969,1736.3785988999969,1738.3969515999868,1739.3977976999975,vis1,3,2,sound,240.0,73.0,,0.0,True,False,True,False,True,False,False,False,True,False,False,False,False,False,True,False,False,True,False,False,False,True,False,False,False
1740.9657789999999,1740.9657789999999,1742.4837334999845,1742.4737334999845,1742.5837670999842,1742.9737334999845,1742.8006713999873,1743.4845596999892,1743.4845596999892,1745.5029349999766,1746.5037842999825,sound1,1,2,sound,241.0,74.0,,0.0,True,True,False,True,False,False,False,True,False,True,False,True,False,True,False,False,True,False,False,False,False,True,False,False,False
1746.6538866999997,1746.6538866999997,1748.1718630999765,1748.1718630999765,1748.2719322999853,1748.672304699992,,1749.1726690000012,1749.1726690000012,1751.1910311999761,1752.2085348999915,vis1,3,2,sound,242.0,75.0,,0.0,False,True,False,False,False,True,False,False,True,False,False,False,False,False,True,False,False,True,False,False,False,True,False,False,False
1752.4253963999888,1752.4253963999888,1753.9434854999797,1753.9434854999797,1754.0435258000014,1754.4437857999962,,1754.944180500004,1754.944180500004,1756.9626014999901,1757.9633343999828,vis2,4,2,sound,243.0,76.0,,0.0,False,True,False,False,False,True,False,False,True,False,False,False,False,False,True,False,False,False,False,True,False,True,False,False,False
1758.7139973999963,1758.7139973999963,1760.2319376999892,1760.2219376999892,1760.3320944999957,1760.7219376999892,1760.5321959999944,1761.249490099997,1761.249490099997,1763.251143499985,1764.2686714999816,sound1,1,2,sound,244.0,77.0,,0.0,True,True,False,True,False,False,False,True,False,True,False,True,False,True,False,False,True,False,False,False,False,True,False,False,False
1764.4688397999942,1764.4688397999942,1765.9868495999924,1765.9868495999924,1766.086953699976,1766.4872255000025,1766.453903700001,1766.9876310999769,1766.9876310999769,1769.0060718999973,1770.0067754999998,vis1,3,2,sound,245.0,78.0,,0.0,True,False,True,False,True,False,False,False,True,False,False,False,False,False,True,False,False,True,False,False,False,True,False,False,False
1771.2078261999793,1771.2078261999793,1772.7090635000002,1772.6990635000002,1772.8091821999785,1773.1990635000002,,1773.7266185999995,1773.7266185999995,1775.7450135999914,1776.7457768999827,sound2,2,2,sound,246.0,79.0,,0.0,False,True,False,False,False,True,False,False,True,False,False,False,False,True,False,False,False,False,True,False,False,True,False,False,False
1777.7299734999922,1777.7299734999922,1779.2479202999764,1779.2379202999764,1779.3481353999903,1779.7379202999764,,1780.2487508999855,1780.2487508999855,1782.2671208999907,1783.2846632999806,sound2,2,2,sound,247.0,80.0,,0.0,False,True,False,False,False,True,False,False,True,False,False,False,False,True,False,False,False,False,True,False,False,True,False,False,False
1785.9703743999796,1785.9703743999796,1787.4715193999962,1787.4615193999962,1787.5716109000002,1787.9615193999962,1787.8885034999782,1788.4890155999835,1788.4890155999835,1790.5073724999763,1791.5082017999755,sound1,1,2,sound,248.0,81.0,,0.0,True,True,False,True,False,False,False,True,False,True,False,True,False,True,False,False,True,False,False,False,False,True,False,False,False
1794.0770207999828,1794.0770207999828,1795.5949337,1795.5949337,1795.6950440000016,1796.0953807999992,,1796.5958047999973,1796.5958047999973,1798.6141686999852,1799.6317682000024,catch,0,2,sound,,,,,False,True,False,False,False,False,False,False,False,False,False,False,False,False,False,True,False,False,False,False,False,True,False,False,False
1800.1153779999966,1800.1153779999966,1801.6166737999972,1801.6066737999972,1801.7168346999767,1802.1066737999972,,1802.6342975999958,1802.6342975999958,1804.6525666999894,1805.6534300999863,sound2,2,2,sound,249.0,82.0,,0.0,False,True,False,False,False,True,False,False,True,False,False,False,False,True,False,False,False,False,True,False,False,True,False,False,False
1807.1879903999886,1807.1879903999886,1808.6893797000027,1808.6893797000027,1808.789443800002,1809.206356999997,,1809.706821599984,1809.706821599984,1811.7252324999806,1812.7260165999849,vis2,4,2,sound,250.0,83.0,,0.0,False,True,False,False,False,True,False,False,True,False,False,False,False,False,True,False,False,False,False,True,False,True,False,False,False
1814.093847699996,1814.093847699996,1815.595142999993,1815.595142999993,1815.6952827999864,1816.095523899983,,1816.6126777999832,1816.6126777999832,1818.6143194999984,1819.631814000002,vis1,3,2,sound,251.0,84.0,,0.0,False,True,False,False,False,True,False,False,True,False,False,False,False,False,True,False,False,True,False,False,False,True,False,False,False
1820.4825886999986,1820.4825886999986,1822.0005675999944,1822.0005675999944,1822.1005649999804,1822.5008580999945,,1823.0012819999918,1823.0012819999918,1825.0196782999935,1826.0372300999968,vis1,3,2,sound,252.0,85.0,,0.0,False,True,False,False,False,True,False,False,True,False,False,False,False,False,True,False,False,True,False,False,False,True,False,False,False
1826.6210419999932,1826.6210419999932,1828.1390296999978,1828.1390296999978,1828.2391718999804,1828.6393601999823,1828.4893453999919,1829.1397885999847,1829.1397885999847,1831.1581488000027,1832.159077500002,vis1,3,3,vis,253.0,0.0,0.0,0.0,True,False,False,False,False,False,False,False,False,True,True,False,True,False,True,False,False,True,False,False,True,False,True,False,False
1832.5927210000025,1832.5927210000025,1834.110708300004,1834.110708300004,1834.210798199996,1834.6110685999827,1834.5277008999926,1835.1114827999934,1835.1114827999934,1837.1299190999796,1838.1474113999955,vis1,3,3,vis,254.0,1.0,1.0,0.0,True,False,False,False,False,False,False,False,False,True,True,False,True,False,True,False,False,True,False,False,True,False,False,False,False
1838.4642748999847,1838.4642748999847,1839.9656034000016,1839.9656034000016,1840.0656881999837,1840.482636999988,1840.382714999994,1840.9830292999775,1840.9830292999775,1843.0014800999868,1844.002331799982,vis1,3,3,vis,255.0,2.0,2.0,0.0,True,False,False,False,False,False,False,False,False,True,True,False,True,False,True,False,False,True,False,False,True,False,False,False,False
1856.2292567999773,1856.2292567999773,1857.7472176999815,1857.7472176999815,1857.8472615000007,1858.2476952999803,1858.1141800999847,1858.7479972999806,1858.7479972999806,1860.7663345999988,1861.7671521999962,vis1,3,3,vis,256.0,3.0,3.0,0.0,True,False,False,False,False,False,False,False,False,True,True,False,True,False,True,False,False,True,False,False,True,False,False,False,False
1862.3176713999799,1862.3176713999799,1863.8189763999924,1863.8189763999924,1863.9190557999916,1864.335973499992,1864.1692789000024,1864.8363797,1864.8363797,1866.8548005999853,1867.8556218999818,vis1,3,3,vis,257.0,4.0,4.0,0.0,True,False,False,False,False,False,False,False,False,True,True,False,True,False,True,False,False,True,False,False,True,False,False,False,False
1867.8723566999922,1867.8723566999922,1869.390282999995,1869.390282999995,1869.4903854999955,1869.8906881999953,1869.790659799977,1870.3912406999823,1870.3912406999823,1872.4094891999937,1873.4102811999999,vis1,3,3,vis,258.0,5.0,,0.0,True,True,False,True,False,False,False,True,False,True,False,True,False,False,True,False,False,True,False,False,True,False,False,False,False
1874.7948047999905,1874.7948047999905,1876.3127323000024,1876.3027323000024,1876.4129495000032,1876.8027323000024,,1877.3135934999825,1877.3135934999825,1879.3319779999817,1880.3327990999767,sound2,2,3,vis,259.0,6.0,,0.0,False,True,False,False,False,True,False,False,True,False,False,False,False,True,False,False,False,False,True,False,True,False,False,False,False
1882.2343624000002,1882.2343624000002,1883.7522933999805,1883.7422933999806,1883.852368599977,1884.2422933999806,,1884.75316859998,1884.75316859998,1886.7715308999848,1887.7723400999764,sound2,2,3,vis,260.0,7.0,,0.0,False,True,False,False,False,True,False,False,True,False,False,False,False,True,False,False,False,False,True,False,True,False,False,False,False
1888.2728258999794,1888.2728258999794,1889.7740307999863,1889.7740307999863,1889.8741392000027,1890.2744215999935,1890.191079799997,1890.7915727000016,1890.7915727000016,1892.7932105999878,1893.8107258000034,vis1,3,3,vis,261.0,8.0,,0.0,True,True,False,True,False,False,False,True,False,True,False,True,False,False,True,False,False,True,False,False,True,False,False,False,False
1895.7956914999902,1895.7956914999902,1897.2970646999981,1897.2970646999981,1897.3971307999834,1897.8141069999926,1897.8808353000002,1898.314537499982,1898.314537499982,1900.3329320999999,1901.333702999991,vis1,3,3,vis,262.0,9.0,,0.0,True,True,False,True,False,False,False,True,False,True,False,True,False,False,True,False,False,True,False,False,True,False,False,False,False
1901.684017899979,1901.684017899979,1903.2019546000026,1903.1919546000026,1903.302030999979,1903.6919546000026,,1904.2027868999955,1904.2027868999955,1906.2211222999993,1907.2219797999803,sound2,2,3,vis,263.0,10.0,,0.0,False,True,False,False,False,True,False,False,True,False,False,False,False,True,False,False,False,False,True,False,True,False,False,False,False
1907.9226414999955,1907.9226414999955,1909.4407048999944,1909.4407048999944,1909.5407005999966,1909.9410116000015,1909.9576595999913,1910.4413638999774,1910.4413638999774,1912.4597369999772,1913.4605831999886,vis1,3,3,vis,264.0,11.0,,0.0,True,True,False,True,False,False,False,True,False,True,False,True,False,False,True,False,False,True,False,False,True,False,False,False,False
1915.2121011999932,1915.2121011999932,1916.7132948000014,1916.7032948000015,1916.813412199999,1917.2032948000015,,1917.7308083000041,1917.7308083000041,1919.7491847,1920.7499790999952,sound2,2,3,vis,265.0,12.0,,0.0,False,True,False,False,False,True,False,False,True,False,False,False,False,True,False,False,False,False,True,False,True,False,False,False,False
1921.1837268000033,1921.1837268000033,1922.7017001999864,1922.7017001999864,1922.8017895000028,1923.2021173999908,1923.1520885999869,1923.7025708999806,1923.7025708999806,1925.7213272999886,1926.738501900001,vis2,4,3,vis,266.0,13.0,,0.0,True,False,True,False,True,False,False,False,True,False,False,False,False,False,True,False,False,False,False,True,True,False,False,False,False
1928.1061992999837,1928.1061992999837,1929.624105499979,1929.614105499979,1929.7241988999974,1930.114105499979,1929.9411027999975,1930.6249611999754,1930.6249611999754,1932.6433244999878,1933.6441518000008,sound1,1,3,vis,267.0,14.0,,0.0,True,False,True,False,True,False,False,False,True,False,False,False,False,True,False,False,True,False,False,False,True,False,False,False,False
1934.6783733999853,1934.6783733999853,1936.1963729999932,1936.1963729999932,1936.2964513999848,1936.6967570999784,1936.5800333999885,1937.1971677999916,1937.1971677999916,1939.2155064999913,1940.2163565000026,vis1,3,3,vis,268.0,15.0,,0.0,True,True,False,True,False,False,False,True,False,True,False,True,False,False,True,False,False,True,False,False,True,False,False,False,False
1943.2355999999943,1943.2355999999943,1944.736801699977,1944.726801699977,1944.8370977999964,1945.226801699977,,1945.7543269999821,1945.7543269999821,1947.7559993999982,1948.7735446999811,sound1,1,3,vis,269.0,16.0,,0.0,False,True,False,False,False,True,False,False,True,False,False,False,False,True,False,False,True,False,False,False,True,False,False,False,False
1948.906934599983,1948.906934599983,1950.4249724999916,1950.4249724999916,1950.5250816999849,1950.9253086999904,1950.8420748000005,1951.4257664999839,1951.4257664999839,1953.4441306000024,1954.4449435999938,vis2,4,3,vis,270.0,17.0,,0.0,True,False,True,False,True,False,False,False,True,False,False,False,False,False,True,False,False,False,False,True,True,False,False,False,False
1954.8286526999816,1954.8286526999816,1956.3465632999812,1956.3365632999812,1956.4466364999914,1956.8365632999812,,1957.3473877000013,1957.3473877000013,1959.3658579999844,1960.3832424999944,sound1,1,3,vis,271.0,18.0,,0.0,False,True,False,False,False,True,False,False,True,False,False,False,False,True,False,False,True,False,False,False,True,False,False,False,False
1960.7669284999808,1960.7669284999808,1962.2850126999926,1962.2850126999926,1962.3850797999855,1962.785284499996,,1963.2857022999758,1963.2857022999758,1965.304135799999,1966.3049127999782,vis2,4,3,vis,272.0,19.0,,0.0,False,True,False,False,False,True,False,False,True,False,False,False,False,False,True,False,False,False,False,True,True,False,False,False,False
1966.50508349998,1966.50508349998,1968.0230638999872,1968.0230638999872,1968.1230594999886,1968.5234603999795,,1969.0238819999884,1969.0238819999884,1971.042186299988,1972.0597777000019,catch,0,3,vis,,,,,False,True,False,False,False,False,False,False,False,False,False,False,False,False,False,True,False,False,False,False,True,False,False,False,False
1972.2432118999802,1972.2432118999802,1973.7445082999855,1973.7345082999855,1973.8445752999776,1974.2345082999855,,1974.7620438999818,1974.7620438999818,1976.7803988999892,1977.7811695999787,sound1,1,3,vis,273.0,20.0,,0.0,False,True,False,False,False,True,False,False,True,False,False,False,False,True,False,False,True,False,False,False,True,False,False,False,False
1977.847952699996,1977.847952699996,1979.3659180999764,1979.3559180999764,1979.4660003999977,1979.8559180999764,,1980.3668324999833,1980.3668324999833,1982.3850371999813,1983.3859243999848,sound2,2,3,vis,274.0,21.0,,0.0,False,True,False,False,False,True,False,False,True,False,False,False,False,True,False,False,False,False,True,False,True,False,False,False,False
1983.736322999999,1983.736322999999,1985.254144699991,1985.254144699991,1985.3542374999759,1985.7545962999955,,1986.271673799996,1986.271673799996,1988.2733617999854,1989.290874499982,catch,0,3,vis,,,,,False,True,False,False,False,False,False,False,False,False,False,False,False,False,False,True,False,False,False,False,True,False,False,False,False
1990.6419977999847,1990.6419977999847,1992.159938299979,1992.149938299979,1992.2600487999823,1992.649938299979,1992.7104161999976,1993.1607851999959,1993.1607851999959,1995.1791519999767,1996.196675199995,sound1,1,3,vis,275.0,22.0,,0.0,True,False,True,False,True,False,False,False,True,False,False,False,False,True,False,False,True,False,False,False,True,False,False,False,False
1998.115342999992,1998.115342999992,1999.6162646999962,1999.6162646999962,1999.7163547999896,2000.1170034999757,,2000.6337027999778,2000.6337027999778,2002.6353968999845,2003.6529231999973,vis2,4,3,vis,276.0,23.0,,0.0,False,True,False,False,False,True,False,False,True,False,False,False,False,False,True,False,False,False,False,True,True,False,False,False,False
2004.5370254999814,2004.5370254999814,2006.0551533999767,2006.0551533999767,2006.155411399997,2006.5555151999959,,2007.0558199999884,2007.0558199999884,2009.0741651999795,2010.0917369999895,vis2,4,3,vis,277.0,24.0,,0.0,False,True,False,False,False,True,False,False,True,False,False,False,False,False,True,False,False,False,False,True,True,False,False,False,False
2010.3252062999907,2010.3252062999907,2011.8264430999786,2011.8164430999786,2011.9265788999999,2012.3164430999786,,2012.843970900003,2012.843970900003,2014.8623828999787,2015.8631637999877,sound1,1,3,vis,278.0,25.0,,0.0,False,True,False,False,False,True,False,False,True,False,False,False,False,True,False,False,True,False,False,False,True,False,False,False,False
2019.7164140000039,2019.7164140000039,2021.2176626999951,2021.2176626999951,2021.3177458999942,2021.7180958999759,,2022.2355688999903,2022.2355688999903,2024.2369039999992,2025.2545361000027,catch,0,3,vis,,,,,False,True,False,False,False,False,False,False,False,False,False,False,False,False,False,True,False,False,False,False,True,False,False,False,False
2025.7381238000032,2025.7381238000032,2027.2561082999835,2027.2561082999835,2027.3561981999753,2027.756449599992,2027.7732329999942,2028.2568883999863,2028.2568883999863,2030.2753673999775,2031.276112100002,vis2,4,3,vis,279.0,26.0,,0.0,True,False,True,False,True,False,False,False,True,False,False,False,False,False,True,False,False,False,False,True,True,False,False,False,False
2031.943337399987,2031.943337399987,2033.4613963999816,2033.4613963999816,2033.5615392999987,2033.9616696999963,2033.9284738999938,2034.4621533999832,2034.4621533999832,2036.4804401999952,2037.48136699998,vis1,3,3,vis,280.0,27.0,,0.0,True,True,False,True,False,False,False,True,False,True,False,True,False,False,True,False,False,True,False,False,True,False,False,False,False
2038.1152008999868,2038.1152008999868,2039.6332005999955,2039.6332005999955,2039.733267799989,2040.133515399977,,2040.6340144999938,2040.6340144999938,2042.6523964000023,2043.6698917999836,vis2,4,3,vis,281.0,28.0,,0.0,False,True,False,False,False,True,False,False,True,False,False,False,False,False,True,False,False,False,False,True,True,False,False,False,False
2044.2536906999974,2044.2536906999974,2045.7717229999923,2045.7717229999923,2045.8717948999927,2046.2720457999765,,2046.7724920999988,2046.7724920999988,2048.7908422999985,2049.791657399977,catch,0,3,vis,,,,,False,True,False,False,False,False,False,False,False,False,False,False,False,False,False,True,False,False,False,False,True,False,False,False,False
2051.9768124999914,2051.9768124999914,2053.494737099981,2053.4847370999814,2053.594815400001,2053.9847370999814,,2054.495622600001,2054.495622600001,2056.5139816999813,2057.514838599987,sound2,2,3,vis,282.0,29.0,,0.0,False,True,False,False,False,True,False,False,True,False,False,False,False,True,False,False,False,False,True,False,True,False,False,False,False
2058.632399899981,2058.632399899981,2060.150384599992,2060.140384599992,2060.250449099994,2060.640384599992,2060.6007119999936,2061.1512505999794,2061.1512505999794,2063.1694991999916,2064.1703970999893,sound1,1,3,vis,283.0,30.0,,0.0,True,False,True,False,True,False,False,False,True,False,False,False,False,True,False,False,True,False,False,False,True,False,False,False,False
2066.2221063999837,2066.2221063999837,2067.7400658999773,2067.7300658999775,2067.8401302999787,2068.2300658999775,,2068.740945899984,2068.740945899984,2070.7592651999817,2071.7601021999812,sound1,1,3,vis,284.0,31.0,,0.0,False,True,False,False,False,True,False,False,True,False,False,False,False,True,False,False,True,False,False,False,True,False,False,False,False
2073.7284094999864,2073.7284094999864,2075.246401699996,2075.2364016999963,2075.3464000999898,2075.7364016999963,,2076.247192499993,2076.247192499993,2078.265512099993,2079.2830574999766,sound2,2,3,vis,285.0,32.0,,0.0,False,True,False,False,False,True,False,False,True,False,False,False,False,True,False,False,False,False,True,False,True,False,False,False,False
2079.700085799975,2079.700085799975,2081.2014001000002,2081.1914001000005,2081.301439499986,2081.6914001000005,2081.701811799992,2082.2189398999994,2082.2189398999994,2084.237269499988,2085.2380696999985,sound1,1,3,vis,286.0,33.0,,0.0,True,False,True,False,True,False,False,False,True,False,False,False,False,True,False,False,True,False,False,False,True,False,False,False,False
2086.172161599979,2086.172161599979,2087.6901513999996,2087.6901513999996,2087.7902242999785,2088.1905566,,2088.7076422999758,2088.7076422999758,2090.7093193999985,2091.726851599998,catch,0,3,vis,,,,,False,True,False,False,False,False,False,False,False,False,False,False,False,False,False,True,False,False,False,False,True,False,False,False,False
2092.2105583000025,2092.2105583000025,2093.7285398999898,2093.7285398999898,2093.828653699989,2094.2289520999852,,2094.7293291000037,2094.7293291000037,2096.747687499979,2097.7485550999786,catch,0,3,vis,,,,,False,True,False,False,False,False,False,False,False,False,False,False,False,False,False,True,False,False,False,False,True,False,False,False,False
2099.266528899994,2099.266528899994,2100.7845007999945,2100.7845007999945,2100.884599099992,2101.2848816999845,2101.3182533999875,2101.7852935999776,2101.7852935999776,2103.803673600001,2104.8045448999997,vis1,3,3,vis,287.0,34.0,,0.0,True,True,False,True,False,False,False,True,False,True,False,True,False,False,True,False,False,True,False,False,True,False,False,False,False
2105.0880596999864,2105.0880596999864,2106.6059948999987,2106.6059948999987,2106.7062029999884,2107.106413299983,,2107.6068238999956,2107.6068238999956,2109.625246399993,2110.6427753999974,catch,0,3,vis,,,,,False,True,False,False,False,False,False,False,False,False,False,False,False,False,False,True,False,False,False,False,True,False,False,False,False
2112.394215799993,2112.394215799993,2113.912158599976,2113.912158599976,2114.012248499997,2114.412607899992,,2114.9129752999957,2114.9129752999957,2116.9313762000033,2117.948857299992,catch,0,3,vis,,,,,False,True,False,False,False,False,False,False,False,False,False,False,False,False,False,True,False,False,False,False,True,False,False,False,False
2118.0990044000005,2118.0990044000005,2119.600260799992,2119.5902607999924,2119.7003414000005,2120.0902607999924,,2120.61776089998,2120.61776089998,2122.636086699998,2123.6369772999983,sound2,2,3,vis,288.0,35.0,,0.0,False,True,False,False,False,True,False,False,True,False,False,False,False,True,False,False,False,False,True,False,True,False,False,False,False
2124.137375799977,2124.137375799977,2125.655440299984,2125.655440299984,2125.755500299981,2126.155779299975,,2126.656200099978,2126.656200099978,2128.6745637999934,2129.692079299982,vis2,4,3,vis,289.0,36.0,,0.0,False,True,False,False,False,True,False,False,True,False,False,False,False,False,True,False,False,False,False,True,True,False,False,False,False
2132.694560499987,2132.694560499987,2134.1958125000033,2134.1858125000035,2134.3126648999837,2134.6858125000035,2134.61281499998,2135.2133158999873,2135.2133158999873,2137.231673199983,2138.232608699976,sound1,1,3,vis,290.0,37.0,,0.0,True,False,True,False,True,False,False,False,True,False,False,False,False,True,False,False,True,False,False,False,True,False,False,False,False
2139.5336733999807,2139.5336733999807,2141.0349478999938,2141.0349478999938,2141.1350634999776,2141.552034699978,2141.5020201999955,2142.0524279000033,2142.0524279000033,2144.070797200003,2145.071684599979,vis1,3,3,vis,291.0,38.0,,0.0,True,True,False,True,False,False,False,True,False,True,False,True,False,False,True,False,False,True,False,False,True,False,False,False,False
2145.305159399993,2145.305159399993,2146.8231391999957,2146.813139199996,2146.923227599976,2147.313139199996,,2147.8239308999996,2147.8239308999996,2149.842341399993,2150.843121899999,sound2,2,3,vis,292.0,39.0,,0.0,False,True,False,False,False,True,False,False,True,False,False,False,False,True,False,False,False,False,True,False,True,False,False,False,False
2151.360335199986,2151.360335199986,2152.8615533999778,2152.8615533999778,2152.961689199999,2153.378607500004,2153.3120398999977,2153.879006199984,2153.879006199984,2155.8974579,2156.898268999977,vis1,3,3,vis,293.0,40.0,,0.0,True,True,False,True,False,False,False,True,False,True,False,True,False,False,True,False,False,True,False,False,True,False,False,False,False
2157.615528499978,2157.615528499978,2159.1335108,2159.1335108,2159.2335414999775,2159.633856299982,2159.5504929999965,2160.134296499987,2160.134296499987,2162.1526411000027,2163.170149699997,vis2,4,3,vis,294.0,41.0,,0.0,True,False,True,False,True,False,False,False,True,False,False,False,False,False,True,False,False,False,False,True,True,False,False,False,False
2163.203492899987,2163.203492899987,2164.704901300001,2164.704901300001,2164.8049315999756,2165.2052156999794,,2165.722290299987,2165.722290299987,2167.7239969000016,2168.7414467999856,vis2,4,3,vis,295.0,42.0,,0.0,False,True,False,False,False,True,False,False,True,False,False,False,False,False,True,False,False,False,False,True,True,False,False,False,False
2169.191830199977,2169.191830199977,2170.709924799981,2170.709924799981,2170.8099251999897,2171.2102879999816,2171.1936168999905,2171.7106555999867,2171.7106555999867,2173.729015999977,2174.7298446,vis1,3,3,vis,296.0,43.0,,0.0,True,True,False,True,False,False,False,True,False,True,False,True,False,False,True,False,False,True,False,False,True,False,False,False,False
2174.9466919999772,2174.9466919999772,2176.4646404000027,2176.454640400003,2176.564739599978,2176.954640400003,,2177.482181299981,2177.482181299981,2179.4838258999894,2180.5013252000003,sound2,2,3,vis,297.0,44.0,,0.0,False,True,False,False,False,True,False,False,True,False,False,False,False,True,False,False,False,False,True,False,True,False,False,False,False
2180.851671299993,2180.851671299993,2182.369687899985,2182.359687899985,2182.469797699983,2182.859687899985,2182.753260499981,2183.370488299997,2183.370488299997,2185.3887917999905,2186.3896811999816,sound1,1,3,vis,298.0,45.0,,0.0,True,False,True,False,True,False,False,False,True,False,False,False,False,True,False,False,True,False,False,False,True,False,False,False,False
2186.7232508999964,2186.7232508999964,2188.241184299995,2188.231184299995,2188.3413161999865,2188.731184299995,,2189.2420445999974,2189.2420445999974,2191.260400399982,2192.2779378999926,sound2,2,3,vis,299.0,46.0,,0.0,False,True,False,False,False,True,False,False,True,False,False,False,False,True,False,False,False,False,True,False,True,False,False,False,False
2193.3788538999884,2193.3788538999884,2194.8968538999993,2194.8968538999993,2194.996908599985,2195.3972425999905,2195.347293599983,2195.8976039999775,2195.8976039999775,2197.915976400001,2198.9168403000017,vis1,3,3,vis,300.0,47.0,,0.0,True,True,False,True,False,False,False,True,False,True,False,True,False,False,True,False,False,True,False,False,True,False,False,False,False
2199.066967899978,2199.066967899978,2200.568271899983,2200.568271899983,2200.6683410999917,2201.0686860999936,,2201.585748799998,2201.585748799998,2203.5874156000004,2204.604924099994,vis2,4,3,vis,301.0,48.0,,0.0,False,True,False,False,False,True,False,False,True,False,False,False,False,False,True,False,False,False,False,True,True,False,False,False,False
2204.755100299991,2204.755100299991,2206.273048599987,2206.263048599987,2206.3730411999945,2206.763048599987,2206.7066848999907,2207.2737955999996,2207.2737955999996,2209.292244299993,2210.293080299985,sound1,1,3,vis,302.0,49.0,,0.0,True,False,True,False,True,False,False,False,True,False,False,False,False,True,False,False,True,False,False,False,True,False,False,False,False
2211.210504299999,2211.210504299999,2212.7117299999895,2212.7017299999898,2212.811814800001,2213.2017299999898,,2213.7292512999934,2213.7292512999934,2215.747634299981,2216.7484555999777,sound1,1,3,vis,303.0,50.0,,0.0,False,True,False,False,False,True,False,False,True,False,False,False,False,True,False,False,True,False,False,False,True,False,False,False,False
2217.6325571999855,2217.6325571999855,2219.1505242999788,2219.1505242999788,2219.2506644000036,2219.650885599994,2219.63430069999,2220.151326200002,2220.151326200002,2222.1696497000025,2223.1872745999804,vis1,3,3,vis,304.0,51.0,,0.0,True,True,False,True,False,False,False,True,False,True,False,True,False,False,True,False,False,True,False,False,True,False,False,False,False
2225.0887915,2225.0887915,2226.606735799994,2226.5967357999943,2226.7068249999807,2227.0967357999943,,2227.6242911999957,2227.6242911999957,2229.625944899986,2230.6434918999817,sound2,2,3,vis,305.0,52.0,,0.0,False,True,False,False,False,True,False,False,True,False,False,False,False,True,False,False,False,False,True,False,True,False,False,False,False
2230.6934795999928,2230.6934795999928,2232.194845599975,2232.194845599975,2232.294866599995,2232.7118537,,2233.212292699996,2233.212292699996,2235.2306459999904,2236.231575499996,catch,0,3,vis,,,,,False,True,False,False,False,False,False,False,False,False,False,False,False,False,False,True,False,False,False,False,True,False,False,False,False
2237.2156725000036,2237.2156725000036,2238.716978799997,2238.716978799997,2238.8170314999966,2239.2173763999976,,2239.734441199989,2239.734441199989,2241.7361001999902,2242.753614900002,vis2,4,3,vis,306.0,53.0,,0.0,False,True,False,False,False,True,False,False,True,False,False,False,False,False,True,False,False,False,False,True,True,False,False,False,False
2243.6543753999954,2243.6543753999954,2245.1723686999844,2245.1723686999844,2245.272482699985,2245.672784199976,2245.672784199976,2246.1731321999773,2246.1731321999773,2248.1915754999877,2249.2090453999785,vis1,3,3,vis,307.0,54.0,,0.0,True,True,False,True,False,False,False,True,False,True,False,True,False,False,True,False,False,True,False,False,True,False,False,False,False
2249.5927072999852,2249.5927072999852,2251.0940675999823,2251.0940675999823,2251.1941259999962,2251.6110764999844,2251.6110764999844,2252.111572699979,2252.111572699979,2254.129932499994,2255.130672299981,vis1,3,3,vis,308.0,55.0,,0.0,True,True,False,True,False,False,False,True,False,True,False,True,False,False,True,False,False,True,False,False,True,False,False,False,False
2255.6311263999755,2255.6311263999755,2257.149099599986,2257.149099599986,2257.249176599996,2257.6494292999937,,2258.149876899997,2258.149876899997,2260.1682359999772,2261.1858490999816,vis2,4,3,vis,309.0,56.0,,0.0,False,True,False,False,False,True,False,False,True,False,False,False,False,False,True,False,False,False,False,True,True,False,False,False,False
2261.8363073000014,2261.8363073000014,2263.3375993000022,2263.3275993000025,2263.4543293999827,2263.8275993000025,,2264.35517579999,2264.35517579999,2266.3734729999937,2267.374331699984,sound2,2,3,vis,310.0,57.0,,0.0,False,True,False,False,False,True,False,False,True,False,False,False,False,True,False,False,False,False,True,False,True,False,False,False,False
2267.424389499976,2267.424389499976,2268.942379099995,2268.942379099995,2269.042451499999,2269.442724000002,,2269.943115599986,2269.943115599986,2271.9614571999787,2272.9790257999935,vis2,4,3,vis,311.0,58.0,,0.0,False,True,False,False,False,True,False,False,True,False,False,False,False,False,True,False,False,False,False,True,True,False,False,False,False
2274.2133174999994,2274.2133174999994,2275.7312911999848,2275.721291199985,2275.8313844000018,2276.221291199985,2276.114960799992,2276.732132899991,2276.732132899991,2278.750516199981,2279.7513259999773,sound1,1,3,vis,312.0,59.0,,0.0,True,False,True,False,True,False,False,False,True,False,False,False,False,True,False,False,True,False,False,False,True,False,False,False,False
2279.8514708999805,2279.8514708999805,2281.36941339999,2281.36941339999,2281.469503299982,2281.8698241000034,,2282.3869014000024,2282.3869014000024,2284.388700499994,2285.4061011999815,vis2,4,3,vis,313.0,60.0,,0.0,False,True,False,False,False,True,False,False,True,False,False,False,False,False,True,False,False,False,False,True,True,False,False,False,False
2285.422838799984,2285.422838799984,2286.924027199982,2286.9140271999822,2287.0241403999767,2287.4140271999822,,2287.941545999996,2287.941545999996,2289.9598968000005,2290.960764500001,sound2,2,3,vis,314.0,61.0,,0.0,False,True,False,False,False,True,False,False,True,False,False,False,False,True,False,False,False,False,True,False,True,False,False,False,False
2291.0274804000014,2291.0274804000014,2292.5455597999767,2292.5455597999767,2292.6456604999926,2293.045835299979,2293.1625857999984,2293.5462582999985,2293.5462582999985,2295.564622299987,2296.5822179999755,vis1,3,3,vis,315.0,62.0,,0.0,True,True,False,True,False,False,False,True,False,True,False,True,False,False,True,False,False,True,False,False,True,False,False,False,False
2296.6322911999973,2296.6322911999973,2298.133413299985,2298.1234132999853,2298.2335158999863,2298.6234132999853,2298.450367399995,2299.1510291999816,2299.1510291999816,2301.1526211999967,2302.1701192999985,sound1,1,3,vis,316.0,63.0,,0.0,True,False,True,False,True,False,False,False,True,False,False,False,False,True,False,False,True,False,False,False,True,False,False,False,False
2302.9708463999937,2302.9708463999937,2304.4887772000016,2304.4887772000016,2304.588856900003,2304.9891539999894,,2305.4896438999945,2305.4896438999945,2307.5079819999896,2308.5254820999776,catch,0,3,vis,,,,,False,True,False,False,False,False,False,False,False,False,False,False,False,False,False,True,False,False,False,False,True,False,False,False,False
2309.0092491999762,2309.0092491999762,2310.510476199977,2310.510476199977,2310.6106155999964,2311.027538899981,,2311.528002799992,2311.528002799992,2313.5463746999826,2314.5472323999943,catch,0,3,vis,,,,,False,True,False,False,False,False,False,False,False,False,False,False,False,False,False,True,False,False,False,False,True,False,False,False,False
2315.5814614999776,2315.5814614999776,2317.0826721999997,2317.0726722,2317.182731599992,2317.5726722,,2318.100261299996,2318.100261299996,2320.1018373999773,2321.1193821999855,sound2,2,3,vis,317.0,64.0,,0.0,False,True,False,False,False,True,False,False,True,False,False,False,False,True,False,False,False,False,True,False,True,False,False,False,False
2324.0885527999867,2324.0885527999867,2325.6065581999806,2325.6065581999806,2325.7066733999904,2326.10691869999,2326.10691869999,2326.60733019998,2326.60733019998,2328.6257836999807,2329.6265534999925,vis1,3,3,vis,318.0,65.0,,0.0,True,True,False,True,False,False,False,True,False,True,False,True,False,False,True,False,False,True,False,False,True,False,False,False,False
2329.6765663999918,2329.6765663999918,2331.194532199975,2331.194532199975,2331.2946579999784,2331.6949091999936,,2332.1953664999833,2332.1953664999833,2334.2137091999844,2335.231256299981,vis2,4,3,vis,319.0,66.0,,0.0,False,True,False,False,False,True,False,False,True,False,False,False,False,False,True,False,False,False,False,True,True,False,False,False,False
2335.44807599998,2335.44807599998,2336.966127000001,2336.966127000001,2337.066203499978,2337.4664454999815,,2337.966883399998,2337.966883399998,2339.985230699976,2340.986050099987,vis2,4,3,vis,320.0,67.0,,0.0,False,True,False,False,False,True,False,False,True,False,False,False,False,False,True,False,False,False,False,True,True,False,False,False,False
2342.4039894999964,2342.4039894999964,2343.905209899976,2343.895209899976,2344.005297199977,2344.395209899976,,2344.9227084999816,2344.9227084999816,2346.9410835999965,2347.9419360999977,sound2,2,3,vis,321.0,68.0,,0.0,False,True,False,False,False,True,False,False,True,False,False,False,False,True,False,False,False,False,True,False,True,False,False,False,False
2348.3422852000017,2348.3422852000017,2349.860249799976,2349.860249799976,2349.9603287000004,2350.3606118999974,,2350.8610217000037,2350.8610217000037,2352.8793788999988,2353.896973799981,vis2,4,3,vis,322.0,69.0,,0.0,False,True,False,False,False,True,False,False,True,False,False,False,False,False,True,False,False,False,False,True,True,False,False,False,False
2353.9970198999886,2353.9970198999886,2355.4983656999916,2355.4983656999916,2355.5984003999997,2355.998674399985,2355.932004299984,2356.5157680999923,2356.5157680999923,2358.517437299984,2359.534959399994,vis1,3,3,vis,323.0,70.0,,0.0,True,True,False,True,False,False,False,True,False,True,False,True,False,False,True,False,False,True,False,False,True,False,False,False,False
2364.0888334999995,2364.0888334999995,2365.5900339000013,2365.5800339000016,2365.6901294999784,2366.0800339000016,,2366.607574000003,2366.607574000003,2368.625934899997,2369.626770799988,sound1,1,3,vis,324.0,71.0,,0.0,False,True,False,False,False,True,False,False,True,False,False,False,False,True,False,False,True,False,False,False,True,False,False,False,False
2370.5275915000034,2370.5275915000034,2372.045454899993,2372.035454899993,2372.1455531999904,2372.535454899993,,2373.0630022999917,2373.0630022999917,2375.0646634999807,2376.082168100003,sound2,2,3,vis,325.0,72.0,,0.0,False,True,False,False,False,True,False,False,True,False,False,False,False,True,False,False,False,False,True,False,True,False,False,False,False
2376.2156285999895,2376.2156285999895,2377.7168815999844,2377.7168815999844,2377.833680999998,2378.2339936999865,,2378.7344073999934,2378.7344073999934,2380.7528296999894,2381.7536639999976,catch,0,3,vis,,,,,False,True,False,False,False,False,False,False,False,False,False,False,False,False,False,True,False,False,False,False,True,False,False,False,False
2382.0371919999975,2382.0371919999975,2383.555119699982,2383.555119699982,2383.6552638999797,2384.0555515999818,,2384.555964699984,2384.555964699984,2386.5743458999873,2387.59194219998,catch,0,3,vis,,,,,False,True,False,False,False,False,False,False,False,False,False,False,False,False,False,True,False,False,False,False,True,False,False,False,False
2390.0105894999956,2390.0105894999956,2391.511867999981,2391.501867999981,2391.611945899998,2392.001867999981,,2392.5294167999905,2392.5294167999905,2394.5310004,2395.5485614999866,sound2,2,3,vis,326.0,73.0,,0.0,False,True,False,False,False,True,False,False,True,False,False,False,False,True,False,False,False,False,True,False,True,False,False,False,False
2397.9505411999794,2397.9505411999794,2399.4685892999782,2399.4685892999782,2399.568692599985,2399.968962099994,2400.0523622999985,2400.4692871999955,2400.4692871999955,2402.487689799987,2403.488558199993,vis1,3,3,vis,327.0,74.0,,0.0,True,True,False,True,False,False,False,True,False,True,False,True,False,False,True,False,False,True,False,False,True,False,False,False,False
2405.1565642999863,2405.1565642999863,2406.657883299989,2406.647883299989,2406.774638399985,2407.147883299989,2406.974823099977,2407.6753773999894,2407.6753773999894,2409.693736399998,2410.694586999985,sound1,1,3,vis,328.0,75.0,,0.0,True,False,True,False,True,False,False,False,True,False,False,False,False,True,False,False,True,False,False,False,True,False,False,False,False
2411.3117948999948,2411.3117948999948,2412.8296996999793,2412.8196996999795,2412.929778500003,2413.3196996999795,,2413.830582199976,2413.830582199976,2415.848908399997,2416.8664067000004,sound2,2,3,vis,329.0,76.0,,0.0,False,True,False,False,False,True,False,False,True,False,False,False,False,True,False,False,False,False,True,False,True,False,False,False,False
2420.1191711999795,2420.1191711999795,2421.6372117999795,2421.6372117999795,2421.73727739999,2422.1374812999943,2422.1042167999926,2422.637961799986,2422.637961799986,2424.6562573999777,2425.6571502999955,vis1,3,3,vis,330.0,77.0,,0.0,True,True,False,True,False,False,False,True,False,True,False,True,False,False,True,False,False,True,False,False,True,False,False,False,False
2426.774723499993,2426.774723499993,2428.292824599988,2428.292824599988,2428.392925899979,2428.7931695999955,2428.7431713999918,2429.293486399992,2429.293486399992,2431.311892599982,2432.312688399988,vis1,3,3,vis,331.0,78.0,,0.0,True,True,False,True,False,False,False,True,False,True,False,True,False,False,True,False,False,True,False,False,True,False,False,False,False
2433.080034799999,2433.080034799999,2434.5812783999804,2434.5712783999807,2434.68136929998,2435.0712783999807,2435.1151238999823,2435.598837099978,2435.598837099978,2437.6005147999763,2438.618032899985,sound1,1,4,sound,332.0,0.0,0.0,0.0,True,False,False,False,False,False,False,False,False,True,True,False,True,True,False,False,True,False,False,False,False,True,True,False,False
2439.6688670999806,2439.6688670999806,2441.1868916000035,2441.1768916000037,2441.2869341999844,2441.6768916000037,2441.5037377999774,2442.1876637000037,2442.1876637000037,2444.206039799997,2445.223598799997,sound1,1,4,sound,333.0,1.0,1.0,0.0,True,False,False,False,False,False,False,False,False,True,True,False,True,True,False,False,True,False,False,False,False,True,False,False,False
2445.3903871000016,2445.3903871000016,2446.89166219999,2446.8816621999904,2446.991692099991,2447.3816621999904,2447.1751774999807,2447.9092378,2447.9092378,2449.9274696000007,2450.9283976999955,sound1,1,4,sound,334.0,2.0,2.0,0.0,True,False,False,False,False,False,False,False,False,True,True,False,True,True,False,False,True,False,False,False,False,True,False,False,False
2451.0951128999964,2451.0951128999964,2452.613167299985,2452.603167299985,2452.713236399993,2453.103167299985,2452.863301599989,2453.6139428999827,2453.6139428999827,2455.6322907999943,2456.6331917999864,sound1,1,4,sound,335.0,3.0,3.0,0.0,True,False,False,False,False,False,False,False,False,True,True,False,True,True,False,False,True,False,False,False,False,True,False,False,False
2457.0168161999986,2457.0168161999986,2458.518044899983,2458.5080448999834,2458.6181254999915,2459.0080448999834,2458.7350232999975,2459.5355631999932,2459.5355631999932,2461.5372330999903,2462.5548063999827,sound1,1,4,sound,336.0,4.0,4.0,0.0,True,False,False,False,False,False,False,False,False,True,True,False,True,True,False,False,True,False,False,False,False,True,False,False,False
2462.971838899984,2462.971838899984,2464.4897387999895,2464.4797387999897,2464.589815699999,2464.9797387999897,,2465.4907393999833,2465.4907393999833,2467.508933399987,2468.5097825999924,sound2,2,4,sound,337.0,5.0,,0.0,False,True,False,False,False,True,False,False,True,False,False,False,False,True,False,False,False,False,True,False,False,True,False,False,False
2468.8100764999776,2468.8100764999776,2470.327958599993,2470.3179585999933,2470.4280685999925,2470.8179585999933,,2471.345464099993,2471.345464099993,2473.3471698000008,2474.364695099977,sound2,2,4,sound,338.0,6.0,,0.0,False,True,False,False,False,True,False,False,True,False,False,False,False,True,False,False,False,False,True,False,False,True,False,False,False
2475.5823480999766,2475.5823480999766,2477.1003724999987,2477.1003724999987,2477.2004325999965,2477.6007539999932,2477.634129099993,2478.1011360999923,2478.1011360999923,2480.1195264999783,2481.1371272999763,vis2,4,4,sound,339.0,7.0,,0.0,True,False,True,False,True,False,False,False,True,False,False,False,False,False,True,False,False,False,False,True,False,True,False,False,False
2481.453981499982,2481.453981499982,2482.972067000004,2482.972067000004,2483.07207589999,2483.4723003999766,,2483.9728383999986,2483.9728383999986,2485.99114409998,2486.991937799999,vis2,4,4,sound,340.0,8.0,,0.0,False,True,False,False,False,True,False,False,True,False,False,False,False,False,True,False,False,False,False,True,False,True,False,False,False
2488.593349899989,2488.593349899989,2490.0945722999836,2490.084572299984,2490.194621399985,2490.584572299984,,2491.112080899978,2491.112080899978,2493.1304437999875,2494.1312589999957,sound2,2,4,sound,341.0,9.0,,0.0,False,True,False,False,False,True,False,False,True,False,False,False,False,True,False,False,False,False,True,False,False,True,False,False,False
2495.098865699992,2495.098865699992,2496.6000078999873,2496.5900078999875,2496.7001109999924,2497.0900078999875,2496.9002748,2497.617533499995,2497.617533499995,2499.6192272999992,2500.6367275999887,sound1,1,4,sound,342.0,10.0,,0.0,True,True,False,True,False,False,False,True,False,True,False,True,False,True,False,False,True,False,False,False,False,True,False,False,False
2501.520850499984,2501.520850499984,2503.0387583999923,2503.0287583999925,2503.1388010000023,2503.5287583999925,,2504.0396041,2504.0396041,2506.05805869998,2507.075468799981,sound2,2,4,sound,343.0,11.0,,0.0,False,True,False,False,False,True,False,False,True,False,False,False,False,True,False,False,False,False,True,False,False,True,False,False,False
2507.2090234999864,2507.2090234999864,2508.7102259000035,2508.7102259000035,2508.8103384999936,2509.2273810999845,,2509.727696800002,2509.727696800002,2511.7461337999935,2512.74690409998,vis2,4,4,sound,344.0,12.0,,0.0,False,True,False,False,False,True,False,False,True,False,False,False,False,False,True,False,False,False,False,True,False,True,False,False,False
2513.1138485999923,2513.1138485999923,2514.6318831999756,2514.6318831999756,2514.731964699991,2515.132222900001,2514.982131599981,2515.6326507999997,2515.6326507999997,2517.6510122999985,2518.651877099977,vis1,3,4,sound,345.0,13.0,,0.0,True,False,True,False,True,False,False,False,True,False,False,False,False,False,True,False,False,True,False,False,False,True,False,False,False
2518.8019526999938,2518.8019526999938,2520.320015899991,2520.320015899991,2520.4200363999785,2520.8203310999756,2520.7870323999755,2521.3375133999884,2521.3375133999884,2523.3391204000013,2524.356674999997,vis1,3,4,sound,346.0,14.0,,0.0,True,False,True,False,True,False,False,False,True,False,False,False,False,False,True,False,False,True,False,False,False,True,False,False,False
2524.6902455999893,2524.6902455999893,2526.208258899985,2526.208258899985,2526.3083033999806,2526.7086334999854,,2527.209051499996,2527.209051499996,2529.227415299983,2530.2282735999993,vis1,3,4,sound,347.0,15.0,,0.0,False,True,False,False,False,True,False,False,True,False,False,False,False,False,True,False,False,True,False,False,False,True,False,False,False
2532.3633590999902,2532.3633590999902,2533.881318599984,2533.881318599984,2533.9814304999977,2534.381708599985,,2534.882234999977,2534.882234999977,2536.9005053999804,2537.901322899977,vis2,4,4,sound,348.0,16.0,,0.0,False,True,False,False,False,True,False,False,True,False,False,False,False,False,True,False,False,False,False,True,False,True,False,False,False
2546.1082269999984,2546.1082269999984,2547.6262415000033,2547.6262415000033,2547.726313200002,2548.1265862999803,2548.14330059998,2548.626997199995,2548.626997199995,2550.6453914999815,2551.646249299994,vis1,3,4,sound,349.0,17.0,,0.0,True,False,True,False,True,False,False,False,True,False,False,False,False,False,True,False,False,True,False,False,False,True,False,False,False
2552.163431399976,2552.163431399976,2553.681248699993,2553.671248699993,2553.781329500003,2554.171248699993,2554.0315383999928,2554.698805200003,2554.698805200003,2556.700441799979,2557.7179864999866,sound1,1,4,sound,350.0,18.0,,0.0,True,True,False,True,False,False,False,True,False,True,False,True,False,True,False,False,True,False,False,False,False,True,False,False,False
2557.9515536999766,2557.9515536999766,2559.4694389999872,2559.4594389999875,2559.56950359999,2559.9594389999875,2559.803105999986,2560.4702939999784,2560.4702939999784,2562.4886532999894,2563.4895381999754,sound1,1,4,sound,351.0,19.0,,0.0,True,True,False,True,False,False,False,True,False,True,False,True,False,True,False,False,True,False,False,False,False,True,False,False,False
2563.6563344999827,2563.6563344999827,2565.1743034999904,2565.1743034999904,2565.2743788999883,2565.6746627999905,,2566.1750779999797,2566.1750779999797,2568.193421099984,2569.211005400002,vis2,4,4,sound,352.0,20.0,,0.0,False,True,False,False,False,True,False,False,True,False,False,False,False,False,True,False,False,False,False,True,False,True,False,False,False
2569.5780014999996,2569.5780014999996,2571.0791702999936,2571.069170299994,2571.1959556999877,2571.569170299994,2571.3962014999793,2572.096703500001,2572.096703500001,2574.1150794999935,2575.1159079999866,sound1,1,4,sound,353.0,21.0,,0.0,True,True,False,True,False,False,False,True,False,True,False,True,False,True,False,False,True,False,False,False,False,True,False,False,False
2575.649695699985,2575.649695699985,2577.1676534999947,2577.157653499995,2577.2677354999846,2577.657653499995,2577.584736999977,2578.185222199981,2578.185222199981,2580.1868255999957,2581.2043668999772,sound1,1,4,sound,354.0,22.0,,0.0,True,True,False,True,False,False,False,True,False,True,False,True,False,True,False,False,True,False,False,False,False,True,False,False,False
2582.905851500001,2582.905851500001,2584.4071075999905,2584.4071075999905,2584.5071766999986,2584.9074751999956,,2585.4246035999763,2585.4246035999763,2587.426268699995,2588.4437325999984,vis1,3,4,sound,355.0,23.0,,0.0,False,True,False,False,False,True,False,False,True,False,False,False,False,False,True,False,False,True,False,False,False,True,False,False,False
2588.510513399998,2588.510513399998,2590.0118416999844,2590.0018416999847,2590.1285570999985,2590.5018416999847,,2591.029263699989,2591.029263699989,2593.0476284999836,2594.0484927999873,sound2,2,4,sound,356.0,24.0,,0.0,False,True,False,False,False,True,False,False,True,False,False,False,False,True,False,False,False,False,True,False,False,True,False,False,False
2595.0493245999764,2595.0493245999764,2596.5507118999753,2596.5507118999753,2596.6509186999842,2597.0510317999956,,2597.568088599984,2597.568088599984,2599.5697691999753,2600.5873122999997,vis2,4,4,sound,357.0,25.0,,0.0,False,True,False,False,False,True,False,False,True,False,False,False,False,False,True,False,False,False,False,True,False,True,False,False,False
2601.8550191999907,2601.8550191999907,2603.372970999984,2603.362970999984,2603.473053299976,2603.862970999984,2603.789988199985,2604.3737897999904,2604.3737897999904,2606.392184399979,2607.409694599986,sound1,1,4,sound,358.0,26.0,,0.0,True,True,False,True,False,False,False,True,False,True,False,True,False,True,False,False,True,False,False,False,False,True,False,False,False
2608.24368199998,2608.24368199998,2609.7616588999895,2609.7516588999897,2609.8617071999847,2610.2516588999897,,2610.7625608999892,2610.7625608999892,2612.7808612999884,2613.7816464,sound2,2,4,sound,359.0,27.0,,0.0,False,True,False,False,False,True,False,False,True,False,False,False,False,True,False,False,False,False,True,False,False,True,False,False,False
2614.165388699979,2614.165388699979,2615.6666209999908,2615.656620999991,2615.7666963999886,2616.156620999991,2616.0003079999965,2616.6841563999856,2616.6841563999856,2618.6857940999994,2619.7034386999817,sound1,1,4,sound,360.0,28.0,,0.0,True,True,False,True,False,False,False,True,False,True,False,True,False,True,False,False,True,False,False,False,False,True,False,False,False
2620.6875053999916,2620.6875053999916,2622.205427199989,2622.1954271999894,2622.3055189999955,2622.6954271999894,,2623.2062660000024,2623.2062660000024,2625.224688399999,2626.2422119999915,sound2,2,4,sound,361.0,29.0,,0.0,False,True,False,False,False,True,False,False,True,False,False,False,False,True,False,False,False,False,True,False,False,True,False,False,False
2628.310615999982,2628.310615999982,2629.811860800002,2629.801860800002,2629.9119792999786,2630.301860800002,,2630.829349099987,2630.829349099987,2632.8310117999877,2633.848532399986,sound2,2,4,sound,362.0,30.0,,0.0,False,True,False,False,False,True,False,False,True,False,False,False,False,True,False,False,False,False,True,False,False,True,False,False,False
2638.402419300002,2638.402419300002,2639.920408399988,2639.920408399988,2640.0204798999853,2640.420728799983,,2640.921206299981,2640.921206299981,2642.9395117999898,2643.9403904999867,vis2,4,4,sound,363.0,31.0,,0.0,False,True,False,False,False,True,False,False,True,False,False,False,False,False,True,False,False,False,False,True,False,True,False,False,False
2644.4741121999773,2644.4741121999773,2645.9920989000034,2645.9920989000034,2646.0921691999915,2646.492499399997,,2646.992913000003,2646.992913000003,2649.0112464999925,2650.028793599989,vis1,3,4,sound,364.0,32.0,,0.0,False,True,False,False,False,True,False,False,True,False,False,False,False,False,True,False,False,True,False,False,False,True,False,False,False
2650.2456542999803,2650.2456542999803,2651.7636824000015,2651.7636824000015,2651.863781599977,2652.2640044999803,,2652.7644428,2652.7644428,2654.782741199984,2655.7837221000023,vis1,3,4,sound,365.0,33.0,,0.0,False,True,False,False,False,True,False,False,True,False,False,False,False,False,True,False,False,True,False,False,False,True,False,False,False
2657.4016476999764,2657.4016476999764,2658.9196814999827,2658.9196814999827,2659.0197875999816,2659.4200143999856,,2659.9204376999783,2659.9204376999783,2661.9387592999933,2662.939675499985,vis1,3,4,sound,366.0,34.0,,0.0,False,True,False,False,False,True,False,False,True,False,False,False,False,False,True,False,False,True,False,False,False,True,False,False,False
2665.091415099983,2665.091415099983,2666.6093766999925,2666.5993766999927,2666.709467499991,2667.0993766999927,,2667.6102047999825,2667.6102047999825,2669.628578399986,2670.6294013999955,sound2,2,4,sound,367.0,35.0,,0.0,False,True,False,False,False,True,False,False,True,False,False,False,False,True,False,False,False,False,True,False,False,True,False,False,False
2672.8813116999895,2672.8813116999895,2674.3993070999945,2674.3993070999945,2674.4994080999836,2674.8996986999787,,2675.400089099983,2675.400089099983,2677.418431799984,2678.4359884999953,vis2,4,4,sound,368.0,36.0,,0.0,False,True,False,False,False,True,False,False,True,False,False,False,False,False,True,False,False,False,False,True,False,True,False,False,False
2679.3367126000026,2679.3367126000026,2680.8546852999802,2680.8446852999805,2680.954814599981,2681.3446852999805,2681.1882722999812,2681.855504899993,2681.855504899993,2683.873855899999,2684.874705099975,sound1,1,4,sound,369.0,37.0,,0.0,True,True,False,True,False,False,False,True,False,True,False,True,False,True,False,False,True,False,False,False,False,True,False,False,False
2686.9765169999823,2686.9765169999823,2688.4944427999812,2688.4944427999812,2688.594587499983,2688.994844899987,,2689.4952915999834,2689.4952915999834,2691.5135986000037,2692.531208299982,vis1,3,4,sound,370.0,38.0,,0.0,False,True,False,False,False,True,False,False,True,False,False,False,False,False,True,False,False,True,False,False,False,True,False,False,False
2694.0490940999966,2694.0490940999966,2695.567146099996,2695.567146099996,2695.6672072000015,2696.067478099992,,2696.567901699987,2696.567901699987,2698.586239799982,2699.6037758999823,vis2,4,4,sound,371.0,39.0,,0.0,False,True,False,False,False,True,False,False,True,False,False,False,False,False,True,False,False,False,False,True,False,True,False,False,False
2701.021746599997,2701.021746599997,2702.5395288999803,2702.5295288999805,2702.6396268999756,2703.0295288999805,,2703.5403840000013,2703.5403840000013,2705.5587444999924,2706.559648199976,sound2,2,4,sound,372.0,40.0,,0.0,False,True,False,False,False,True,False,False,True,False,False,False,False,True,False,False,False,False,True,False,False,True,False,False,False
2708.010830599998,2708.010830599998,2709.528738100003,2709.5187381000032,2709.6288128999963,2710.0187381000032,2709.929030699984,2710.5295679999776,2710.5295679999776,2712.5479563999775,2713.5487663000035,sound1,1,4,sound,373.0,41.0,,0.0,True,True,False,True,False,False,False,True,False,True,False,True,False,True,False,False,True,False,False,False,False,True,False,False,False
2713.715611400004,2713.715611400004,2715.2168991000012,2715.2168991000012,2715.3170065999816,2715.717261499996,,2716.234377299997,2716.234377299997,2718.236026999986,2719.2535976999875,vis2,4,4,sound,374.0,42.0,,0.0,False,True,False,False,False,True,False,False,True,False,False,False,False,False,True,False,False,False,False,True,False,True,False,False,False
2720.5880019999836,2720.5880019999836,2722.106025499999,2722.106025499999,2722.2060378999827,2722.60641419999,,2723.106938899998,2723.106938899998,2725.1252279999985,2726.1426802,catch,0,4,sound,,,,,False,True,False,False,False,False,False,False,False,False,False,False,False,False,False,True,False,False,False,False,False,True,False,False,False
2729.7790591000025,2729.7790591000025,2731.297081999984,2731.297081999984,2731.3972201999945,2731.7974095999757,,2732.2978432999894,2732.2978432999894,2734.3162100999994,2735.333757599999,vis1,3,4,sound,375.0,43.0,,0.0,False,True,False,False,False,True,False,False,True,False,False,False,False,False,True,False,False,True,False,False,False,True,False,False,False
2735.9842813999944,2735.9842813999944,2737.48552169998,2737.47552169998,2737.6023114999784,2737.97552169998,2737.8358355999894,2738.503061899982,2738.503061899982,2740.5214223000016,2741.5222665999986,sound1,1,4,sound,376.0,44.0,,0.0,True,True,False,True,False,False,False,True,False,True,False,True,False,True,False,False,True,False,False,False,False,True,False,False,False
2742.773299300004,2742.773299300004,2744.291417799986,2744.291417799986,2744.391462799985,2744.7917246999946,,2745.2920752999867,2745.2920752999867,2747.3104968999774,2748.3112429999833,vis1,3,4,sound,377.0,45.0,,0.0,False,True,False,False,False,True,False,False,True,False,False,False,False,False,True,False,False,True,False,False,False,True,False,False,False
2748.3780252999945,2748.3780252999945,2749.8959635000006,2749.8959635000006,2749.9961076999984,2750.396399400002,,2750.8967791999835,2750.8967791999835,2752.9151128000026,2753.916004099979,vis1,3,4,sound,378.0,46.0,,0.0,False,True,False,False,False,True,False,False,True,False,False,False,False,False,True,False,False,True,False,False,False,True,False,False,False
2753.9660372999874,2753.9660372999874,2755.4839257999934,2755.4739257999936,2755.584033300003,2755.9739257999936,,2756.484913200003,2756.484913200003,2758.503167199998,2759.52076719999,sound2,2,4,sound,379.0,47.0,,0.0,False,True,False,False,False,True,False,False,True,False,False,False,False,True,False,False,False,False,True,False,False,True,False,False,False
2761.9894383000005,2761.9894383000005,2763.507491099977,2763.507491099977,2763.6075849999993,2764.0077868999883,,2764.508223899998,2764.508223899998,2766.5265299999824,2767.5274210999864,vis1,3,4,sound,380.0,48.0,,0.0,False,True,False,False,False,True,False,False,True,False,False,False,False,False,True,False,False,True,False,False,False,True,False,False,False
2767.994599899984,2767.994599899984,2769.512477199992,2769.512477199992,2769.612548099985,2770.012881399985,,2770.513284199996,2770.513284199996,2772.5316801999957,2773.549152000001,vis2,4,4,sound,381.0,49.0,,0.0,False,True,False,False,False,True,False,False,True,False,False,False,False,False,True,False,False,False,False,True,False,True,False,False,False
2776.551656999983,2776.551656999983,2778.0696778999786,2778.0696778999786,2778.1698017999965,2778.570031799996,,2779.0704438999906,2779.0704438999906,2781.0888051999877,2782.089717399978,vis1,3,4,sound,382.0,50.0,,0.0,False,True,False,False,False,True,False,False,True,False,False,False,False,False,True,False,False,True,False,False,False,True,False,False,False
2783.1572090999775,2783.1572090999775,2784.658480499996,2784.6484804999964,2784.7585291999944,2785.1484804999964,,2785.676017600004,2785.676017600004,2787.694330899985,2788.695189599975,sound2,2,4,sound,383.0,51.0,,0.0,False,True,False,False,False,True,False,False,True,False,False,False,False,True,False,False,False,False,True,False,False,True,False,False,False
2791.6143043999996,2791.6143043999996,2793.132433100001,2793.132433100001,2793.2324709000036,2793.632734799999,,2794.133065599986,2794.133065599986,2796.1514346999843,2797.168968599997,vis2,4,4,sound,384.0,52.0,,0.0,False,True,False,False,False,True,False,False,True,False,False,False,False,False,True,False,False,False,False,True,False,True,False,False,False
2799.1039311,2799.1039311,2800.6219144,2800.6219144,2800.7220097999757,2801.1222706999774,2801.0722887999814,2801.6394992999935,2801.6394992999935,2803.6410497999836,2804.658620599986,vis1,3,4,sound,385.0,53.0,,0.0,True,False,True,False,True,False,False,False,True,False,False,False,False,False,True,False,False,True,False,False,False,True,False,False,False
2805.3425292999978,2805.3425292999978,2806.8604356999945,2806.8504356999947,2806.9605338999913,2807.3504356999947,,2807.861308000001,2807.861308000001,2809.8796375999896,2810.880459299989,sound2,2,4,sound,386.0,54.0,,0.0,False,True,False,False,False,True,False,False,True,False,False,False,False,True,False,False,False,False,True,False,False,True,False,False,False
2812.531902199998,2812.531902199998,2814.0498197999927,2814.039819799993,2814.1498855999757,2814.539819799993,2814.3833977999834,2815.05065649999,2815.05065649999,2817.0689553999778,2818.0698329999955,sound1,1,4,sound,387.0,55.0,,0.0,True,True,False,True,False,False,False,True,False,True,False,True,False,True,False,False,True,False,False,False,False,True,False,False,False
2818.60362649998,2818.60362649998,2820.1049408999766,2820.094940899977,2820.2049697999987,2820.594940899977,2820.455243299986,2821.122563999999,2821.122563999999,2823.1444212999863,2824.1415563999994,sound1,1,4,sound,388.0,56.0,,0.0,True,True,False,True,False,False,False,True,False,True,False,True,False,True,False,False,True,False,False,False,False,True,False,False,False
2824.875529499995,2824.875529499995,2826.393510100004,2826.383510100004,2826.493568299987,2826.883510100004,2826.810521599991,2827.394365499998,2827.394365499998,2829.4126440999767,2830.4302274999877,sound1,1,4,sound,389.0,57.0,,0.0,True,True,False,True,False,False,False,True,False,True,False,True,False,True,False,False,True,False,False,False,False,True,False,False,False
2831.3976851999846,2831.3976851999846,2832.915631899997,2832.9056318999974,2833.0157132999825,2833.4056318999974,2833.3159189999947,2833.9164620000024,2833.9164620000024,2835.9349555999884,2836.9356658999836,sound1,1,4,sound,390.0,58.0,,0.0,True,True,False,True,False,False,False,True,False,True,False,True,False,True,False,False,True,False,False,False,False,True,False,False,False
2837.602939599988,2837.602939599988,2839.1042487000027,2839.1042487000027,2839.2043883999954,2839.6045720999914,,2840.121714999995,2840.121714999995,2842.1233905999775,2843.140884300004,vis2,4,4,sound,391.0,59.0,,0.0,False,True,False,False,False,True,False,False,True,False,False,False,False,False,True,False,False,False,False,True,False,True,False,False,False
2844.458683399987,2844.458683399987,2845.976553599999,2845.9665535999993,2846.0766652999823,2846.4665535999993,,2846.9774201999912,2846.9774201999912,2848.9958236999896,2850.0133130999834,sound2,2,4,sound,392.0,60.0,,0.0,False,True,False,False,False,True,False,False,True,False,False,False,False,True,False,False,False,False,True,False,False,True,False,False,False
2851.014165099981,2851.014165099981,2852.5321540999953,2852.5321540999953,2852.632201399983,2853.032509499995,,2853.533005499988,2853.533005499988,2855.5514516999915,2856.552157699983,vis2,4,4,sound,393.0,61.0,,0.0,False,True,False,False,False,True,False,False,True,False,False,False,False,False,True,False,False,False,False,True,False,True,False,False,False
2857.2694671999866,2857.2694671999866,2858.770777099978,2858.770777099978,2858.8708490999793,2859.2711544999997,2859.104387299981,2859.788143899999,2859.788143899999,2861.789912499991,2862.8074159999755,vis2,4,4,sound,394.0,62.0,,0.0,True,False,True,False,True,False,False,False,True,False,False,False,False,False,True,False,False,False,False,True,False,True,False,False,False
2864.0250973999878,2864.0250973999878,2865.543124199999,2865.5331241999993,2865.6430476999753,2866.0331241999993,2865.9266748000023,2866.5439028999913,2866.5439028999913,2868.562240299981,2869.579850299991,sound1,1,4,sound,395.0,63.0,,0.0,True,True,False,True,False,False,False,True,False,True,False,True,False,True,False,False,True,False,False,False,False,True,False,False,False
2873.6164890999876,2873.6164890999876,2875.1344219999824,2875.1244219999826,2875.2344968999764,2875.6244219999826,,2876.135228299981,2876.135228299981,2878.153647699984,2879.171205799977,sound2,2,4,sound,396.0,64.0,,0.0,False,True,False,False,False,True,False,False,True,False,False,False,False,True,False,False,False,False,True,False,False,True,False,False,False
2880.9559305999805,2880.9559305999805,2882.4739495999906,2882.4739495999906,2882.5740617999777,2882.974323699987,,2883.474738999977,2883.474738999977,2885.49304369998,2886.5105878999834,vis2,4,4,sound,397.0,65.0,,0.0,False,True,False,False,False,True,False,False,True,False,False,False,False,False,True,False,False,False,False,True,False,True,False,False,False
2886.7608912999945,2886.7608912999945,2888.262246799984,2888.262246799984,2888.3622709999995,2888.779329099992,,2889.2796090999996,2889.2796090999996,2891.2979898999997,2892.2987915999925,vis2,4,4,sound,398.0,66.0,,0.0,False,True,False,False,False,True,False,False,True,False,False,False,False,False,True,False,False,False,False,True,False,True,False,False,False
2892.3321603000018,2892.3321603000018,2893.850124500002,2893.850124500002,2893.9501801999954,2894.3505488000023,,2894.8509436999825,2894.8509436999825,2896.869324799985,2897.8701562,catch,0,4,sound,,,,,False,True,False,False,False,False,False,False,False,False,False,False,False,False,False,True,False,False,False,False,False,True,False,False,False
2899.955239899989,2899.955239899989,2901.4732085999945,2901.4732085999945,2901.5733144999917,2901.9735857999854,2901.9069429999886,2902.474042800002,2902.474042800002,2904.492458299975,2905.493254599985,vis1,3,4,sound,399.0,67.0,,0.0,True,False,True,False,True,False,False,False,True,False,False,False,False,False,True,False,False,True,False,False,False,True,False,False,False
2907.6617160999826,2907.6617160999826,2909.179642499986,2909.1696424999864,2909.279728299976,2909.6696424999864,,2910.180521999989,2910.180521999989,2912.1988644999888,2913.2163634999974,sound2,2,4,sound,400.0,68.0,,0.0,False,True,False,False,False,True,False,False,True,False,False,False,False,True,False,False,False,False,True,False,False,True,False,False,False
2915.735226500002,2915.735226500002,2917.2363867999898,2917.22638679999,2917.3364734999864,2917.72638679999,2917.603373899977,2918.2539237999968,2918.2539237999968,2920.2556261999794,2921.2731025999906,sound1,1,4,sound,401.0,69.0,,0.0,True,True,False,True,False,False,False,True,False,True,False,True,False,True,False,False,True,False,False,False,False,True,False,False,False
2921.773535499998,2921.773535499998,2923.2914810000016,2923.281481000002,2923.3915605000016,2923.781481000002,,2924.292333799976,2924.292333799976,2926.310658699987,2927.311516299998,sound2,2,4,sound,402.0,70.0,,0.0,False,True,False,False,False,True,False,False,True,False,False,False,False,True,False,False,False,False,True,False,False,True,False,False,False
2927.428308699987,2927.428308699987,2928.9462541999906,2928.9462541999906,2929.0463250999833,2929.446672599975,,2929.9471370999904,2929.9471370999904,2931.965429799989,2932.982944900004,catch,0,4,sound,,,,,False,True,False,False,False,False,False,False,False,False,False,False,False,False,False,True,False,False,False,False,False,True,False,False,False
2933.3999404999863,2933.3999404999863,2934.918006399975,2934.918006399975,2935.0180733999964,2935.4183240999787,,2935.918791599988,2935.918791599988,2937.9371641999837,2938.937938800003,vis1,3,4,sound,403.0,71.0,,0.0,False,True,False,False,False,True,False,False,True,False,False,False,False,False,True,False,False,True,False,False,False,True,False,False,False
2940.4392195999767,2940.4392195999767,2941.9572599000035,2941.9572599000035,2942.0573265999933,2942.4575674999883,2942.490894099997,2942.9579935000015,2942.9579935000015,2944.9763863999774,2945.977195199995,vis1,3,4,sound,404.0,72.0,,0.0,True,False,True,False,True,False,False,False,True,False,False,False,False,False,True,False,False,True,False,False,False,True,False,False,False
2946.4776384999946,2946.4776384999946,2947.9955461000004,2947.9855461000006,2948.0956296000018,2948.4855461000006,2948.3792377000004,2948.9964301999803,2948.9964301999803,2951.0147131999925,2952.0323579999763,sound1,1,4,sound,405.0,73.0,,0.0,True,True,False,True,False,False,False,True,False,True,False,True,False,True,False,False,True,False,False,False,False,True,False,False,False
2952.79959009999,2952.79959009999,2954.3175648999836,2954.307564899984,2954.4176434999767,2954.807564899984,2954.784597899977,2955.3183735,2955.3183735,2957.3367402999806,2958.337580400004,sound1,1,4,sound,406.0,74.0,,0.0,True,True,False,True,False,False,False,True,False,True,False,True,False,True,False,False,True,False,False,False,False,True,False,False,False
2959.088250899987,2959.088250899987,2960.589464999977,2960.579464999977,2960.689533999984,2961.079464999977,,2961.6069815000023,2961.6069815000023,2963.608667300004,2964.6261801000014,sound2,2,4,sound,407.0,75.0,,0.0,False,True,False,False,False,True,False,False,True,False,False,False,False,True,False,False,False,False,True,False,False,True,False,False,False
2966.010723599998,2966.010723599998,2967.5286292999895,2967.5186292999897,2967.6287328999983,2968.0186292999897,,2968.5294416999764,2968.5294416999764,2970.547833099999,2971.565360899994,sound2,2,4,sound,408.0,76.0,,0.0,False,True,False,False,False,True,False,False,True,False,False,False,False,True,False,False,False,False,True,False,False,True,False,False,False
2972.6662450999806,2972.6662450999806,2974.184290599989,2974.184290599989,2974.284360500003,2974.68457739999,,2975.1850001999787,2975.1850001999787,2977.2034101999975,2978.204282899978,vis2,4,4,sound,409.0,77.0,,0.0,False,True,False,False,False,True,False,False,True,False,False,False,False,False,True,False,False,False,False,True,False,True,False,False,False
2978.687982299985,2978.687982299985,2980.1892979999916,2980.1892979999916,2980.2894048999965,2980.7063910999946,,2981.2067492999863,2981.2067492999863,2983.2251765999913,2984.225957600001,vis2,4,4,sound,410.0,78.0,,0.0,False,True,False,False,False,True,False,False,True,False,False,False,False,False,True,False,False,False,False,True,False,True,False,False,False
2984.2427108999777,2984.2427108999777,2985.7606819000007,2985.7606819000007,2985.860727699977,2986.2609924999792,,2986.7614208999817,2986.7614208999817,2988.779781300001,2989.780612799988,vis2,4,4,sound,411.0,79.0,,0.0,False,True,False,False,False,True,False,False,True,False,False,False,False,False,True,False,False,False,False,True,False,True,False,False,False
2990.197626699993,2990.197626699993,2991.7155941999895,2991.7055941999897,2991.815681699992,2992.2055941999897,2992.0658767999935,2992.716525299978,2992.716525299978,2994.734824499997,2995.752351099983,sound1,1,4,sound,412.0,80.0,,0.0,True,True,False,True,False,False,False,True,False,True,False,True,False,True,False,False,True,False,False,False,False,True,False,False,False
2995.8857458999933,2995.8857458999933,2997.3870173999835,2997.3770173999837,2997.4871614999806,2997.8770173999837,,2998.404540500001,2998.404540500001,3000.422852099998,3001.423725899987,sound2,2,4,sound,413.0,81.0,,0.0,False,True,False,False,False,True,False,False,True,False,False,False,False,True,False,False,False,False,True,False,False,True,False,False,False
3001.7072714000037,3001.7072714000037,3003.2253042000025,3003.2253042000025,3003.3253899999922,3003.7256403000006,,3004.226079900001,3004.226079900001,3006.244437499999,3007.245261099984,vis1,3,4,sound,414.0,82.0,,0.0,False,True,False,False,False,True,False,False,True,False,False,False,False,False,True,False,False,True,False,False,False,True,False,False,False
3007.9458559999853,3007.9458559999853,3009.447112100004,3009.437112100004,3009.5472860999957,3009.937112100004,3009.814093399976,3010.464655199999,3010.464655199999,3012.4829753000026,3013.4838927000033,sound1,1,4,sound,415.0,83.0,,0.0,True,True,False,True,False,False,False,True,False,True,False,True,False,True,False,False,True,False,False,False,False,True,False,False,False
3016.1028083999786,3016.1028083999786,3017.6207191999797,3017.6207191999797,3017.7208533999888,3018.1211661999782,3018.0877790000027,3018.6215169,3018.6215169,3020.639915999994,3021.640718999997,vis1,3,4,sound,416.0,84.0,,0.0,True,False,True,False,True,False,False,False,True,False,False,False,False,False,True,False,False,True,False,False,False,True,False,False,False
3023.375506799997,3023.375506799997,3024.893534899989,3024.893534899989,3024.993576599992,3025.393837099991,,3025.894267199977,3025.894267199977,3027.9126279999996,3028.913574499989,vis2,4,4,sound,417.0,85.0,,0.0,False,True,False,False,False,True,False,False,True,False,False,False,False,False,True,False,False,False,False,True,False,True,False,False,False
3029.147132599997,3029.147132599997,3030.6482792999973,3030.6382792999975,3030.7483405000035,3031.1382792999975,,3031.6659884999767,3031.6659884999767,3033.667474299998,3034.684978599989,sound2,2,4,sound,418.0,86.0,,0.0,False,True,False,False,False,True,False,False,True,False,False,False,False,True,False,False,False,False,True,False,False,True,False,False,False
3036.2696843999815,3036.2696843999815,3037.770901999998,3037.760901999998,3037.871028299976,3038.260901999998,,3038.7884407999895,3038.7884407999895,3040.790109199975,3041.807636699997,sound2,2,4,sound,419.0,87.0,,0.0,False,True,False,False,False,True,False,False,True,False,False,False,False,True,False,False,False,False,True,False,False,True,False,False,False
3042.5082074999896,3042.5082074999896,3044.0263799999752,3044.0263799999752,3044.126394599976,3044.5265809999923,3044.376541299987,3045.026966099985,3045.026966099985,3047.045363999999,3048.0461923999915,vis1,3,5,vis,420.0,0.0,0.0,0.0,True,False,False,False,False,False,False,False,False,True,True,False,True,False,True,False,False,True,False,False,True,False,True,False,False
3048.9802762999984,3048.9802762999984,3050.498320399996,3050.498320399996,3050.598419800002,3050.9986874999972,3050.8486516999924,3051.499118599991,3051.499118599991,3053.517452599984,3054.5183053999876,vis1,3,5,vis,421.0,1.0,1.0,0.0,True,False,False,False,False,False,False,False,False,True,True,False,True,False,True,False,False,True,False,False,True,False,False,False,False
3054.8853063999936,3054.8853063999936,3056.403357499986,3056.403357499986,3056.503356699986,3056.9036388999752,3056.8036998999974,3057.404089899975,3057.404089899975,3059.422372199982,3060.4398985999956,vis1,3,5,vis,422.0,2.0,2.0,0.0,True,False,False,False,False,False,False,False,False,True,True,False,True,False,True,False,False,True,False,False,True,False,False,False,False
3061.3574287000024,3061.3574287000024,3062.875388199996,3062.875388199996,3062.9755065000004,3063.375741299978,3063.259218699977,3063.8761536000034,3063.8761536000034,3065.8945082999794,3066.8953553999977,vis1,3,5,vis,423.0,3.0,3.0,0.0,True,False,False,False,False,False,False,False,False,True,True,False,True,False,True,False,False,True,False,False,True,False,False,False,False
3068.796953499995,3068.796953499995,3070.3149842999787,3070.3149842999787,3070.415071899982,3070.8152848999976,3070.665237399991,3071.3157633000023,3071.3157633000023,3073.3340972999954,3074.3350468999793,vis1,3,5,vis,424.0,4.0,4.0,0.0,True,False,False,False,False,False,False,False,False,True,True,False,True,False,True,False,False,True,False,False,True,False,False,False,False
3074.568462099976,3074.568462099976,3076.086420599991,3076.086420599991,3076.186503899991,3076.58681029999,,3077.103938099995,3077.103938099995,3079.10562299999,3080.1231473999883,vis2,4,5,vis,425.0,5.0,,0.0,False,True,False,False,False,True,False,False,True,False,False,False,False,False,True,False,False,False,False,True,True,False,False,False,False
3080.6902661,3080.6902661,3082.2082316999818,3082.198231699982,3082.30829699999,3082.698231699982,,3083.2090591999963,3083.2090591999963,3085.227415399984,3086.228257199991,sound2,2,5,vis,426.0,6.0,,0.0,False,True,False,False,False,True,False,False,True,False,False,False,False,True,False,False,False,False,True,False,True,False,False,False,False
3090.782084999993,3090.782084999993,3092.3000748999852,3092.3000748999852,3092.400221999976,3092.8004316999954,,3093.3008882999798,3093.3008882999798,3095.319208899987,3096.3367511999763,vis2,4,5,vis,427.0,7.0,,0.0,False,True,False,False,False,True,False,False,True,False,False,False,False,False,True,False,False,False,False,True,True,False,False,False,False
3096.7871004999993,3096.7871004999993,3098.288372999997,3098.2783729999974,3098.3884518999926,3098.7783729999974,,3099.3059138999756,3099.3059138999756,3101.3242658999893,3102.3251091999787,sound2,2,5,vis,428.0,8.0,,0.0,False,True,False,False,False,True,False,False,True,False,False,False,False,True,False,False,False,False,True,False,True,False,False,False,False
3102.391870799978,3102.391870799978,3103.909727699976,3103.899727699976,3104.009836699997,3104.399727699976,3104.3100992999766,3104.9105734999844,3104.9105734999844,3106.9289501999824,3107.9297903999773,sound1,1,5,vis,429.0,9.0,,0.0,True,False,True,False,True,False,False,False,True,False,False,False,False,True,False,False,True,False,False,False,True,False,False,False,False
3108.0298941999877,3108.0298941999877,3109.547857999985,3109.547857999985,3109.647979299983,3110.048235199976,,3110.5486896000016,3110.5486896000016,3112.567016900002,3113.5845564999995,vis2,4,5,vis,430.0,10.0,,0.0,False,True,False,False,False,True,False,False,True,False,False,False,False,False,True,False,False,False,False,True,True,False,False,False,False
3116.820590800003,3116.820590800003,3118.3386229999974,3118.3386229999974,3118.438708099982,3118.8389479999983,3118.8223408999997,3119.339367599992,3119.339367599992,3121.3577192000025,3122.3585629999957,vis1,3,5,vis,431.0,11.0,,0.0,True,True,False,True,False,False,False,True,False,True,False,True,False,False,True,False,False,True,False,False,True,False,False,False,False
3125.5446202999824,3125.5446202999824,3127.0458445999916,3127.035844599992,3127.1459208999963,3127.535844599992,3127.412878199984,3128.063355699976,3128.063355699976,3130.081675999981,3131.082565600003,sound1,1,5,vis,432.0,12.0,,0.0,True,False,True,False,True,False,False,False,True,False,False,False,False,True,False,False,True,False,False,False,True,False,False,False,False
3131.399493499988,3131.399493499988,3132.91739679999,3132.9073967999902,3133.01747629999,3133.4073967999902,3133.284427299988,3133.9182686999934,3133.9182686999934,3135.9366229999955,3136.93753579999,sound1,1,5,vis,433.0,13.0,,0.0,True,False,True,False,True,False,False,False,True,False,False,False,False,True,False,False,True,False,False,False,True,False,False,False,False
3137.087695999982,3137.087695999982,3138.5888811999844,3138.5788811999846,3138.6889278999965,3139.0788811999846,,3139.606384299995,3139.606384299995,3141.6080710000037,3142.6255442999914,sound1,1,5,vis,434.0,14.0,,0.0,False,True,False,False,False,True,False,False,True,False,False,False,False,True,False,False,True,False,False,False,True,False,False,False,False
3142.659032999983,3142.659032999983,3144.1769880000006,3144.1769880000006,3144.2770792000024,3144.6773208000027,3144.6273321999847,3145.1776798000005,3145.1776798000005,3147.196150799989,3148.1969716999824,vis1,3,5,vis,435.0,15.0,,0.0,True,True,False,True,False,False,False,True,False,True,False,True,False,False,True,False,False,True,False,False,True,False,False,False,False
3148.964275099986,3148.964275099986,3150.4821977999904,3150.4821977999904,3150.582357399989,3150.98258759999,,3151.4830394999967,3151.4830394999967,3153.5014084999943,3154.5189018999895,vis2,4,5,vis,436.0,16.0,,0.0,False,True,False,False,False,True,False,False,True,False,False,False,False,False,True,False,False,False,False,True,True,False,False,False,False
3154.585633999997,3154.585633999997,3156.1036667999956,3156.1036667999956,3156.2037268999934,3156.6041011999855,3156.670713499983,3157.1043805999884,3157.1043805999884,3159.1227328000036,3160.1236047999787,vis1,3,5,vis,437.0,17.0,,0.0,True,True,False,True,False,False,False,True,False,True,False,True,False,False,True,False,False,True,False,False,True,False,False,False,False
3160.740773499981,3160.740773499981,3162.258717500002,3162.2487175000024,3162.3588048000033,3162.7487175000024,,3163.2595757999893,3163.2595757999893,3165.2779395999764,3166.2954412999766,sound2,2,5,vis,438.0,18.0,,0.0,False,True,False,False,False,True,False,False,True,False,False,False,False,True,False,False,False,False,True,False,True,False,False,False,False
3173.167923099981,3173.167923099981,3174.669228799999,3174.6592287999993,3174.7692557999776,3175.1592287999993,3175.6366315999853,3175.6866868999873,3175.6866868999873,3177.688378200002,3178.7059528999757,sound2,2,5,vis,439.0,19.0,,0.0,True,False,True,False,True,False,False,False,True,False,False,False,False,True,False,False,False,False,True,False,True,False,False,False,False
3179.122927099999,3179.122927099999,3180.640826199998,3180.640826199998,3180.740925200001,3181.1412902999814,,3181.6416649999824,3181.6416649999824,3183.660061399985,3184.6608631999784,catch,0,5,vis,,,,,False,True,False,False,False,False,False,False,False,False,False,False,False,False,False,True,False,False,False,False,True,False,False,False,False
3185.4448209999914,3185.4448209999914,3186.946179100001,3186.946179100001,3187.04626099999,3187.4465464000036,3187.4465464000036,3187.9636626999795,3187.9636626999795,3189.9653744999755,3190.982826799978,vis1,3,5,vis,440.0,20.0,,0.0,True,True,False,True,False,False,False,True,False,True,False,True,False,False,True,False,False,True,False,False,True,False,False,False,False
3190.999516199992,3190.999516199992,3192.5175825999845,3192.5175825999845,3192.617668200002,3193.017874199993,,3193.518293999988,3193.518293999988,3195.536640099986,3196.537533799981,vis2,4,5,vis,441.0,21.0,,0.0,False,True,False,False,False,True,False,False,True,False,False,False,False,False,True,False,False,False,False,True,True,False,False,False,False
3198.522547399983,3198.522547399983,3200.0403996000036,3200.030399600004,3200.140530299986,3200.530399600004,3200.3907468999764,3201.041227999996,3201.041227999996,3203.059650299992,3204.0604693,sound1,1,5,vis,442.0,22.0,,0.0,True,False,True,False,True,False,False,False,True,False,False,False,False,True,False,False,True,False,False,False,True,False,False,False,False
3204.4941909999848,3204.4941909999848,3206.0122238999843,3206.0122238999843,3206.1122540999872,3206.5125566999864,3206.4292401999787,3207.012951099992,3207.012951099992,3209.031324399993,3210.048854299975,vis1,3,5,vis,443.0,23.0,,0.0,True,True,False,True,False,False,False,True,False,True,False,True,False,False,True,False,False,True,False,False,True,False,False,False,False
3210.332402699985,3210.332402699985,3211.850379399993,3211.8403793999933,3211.9504484000004,3212.3403793999933,,3212.851195099976,3212.851195099976,3214.8695126999896,3215.8703813999978,sound2,2,5,vis,444.0,24.0,,0.0,False,True,False,False,False,True,False,False,True,False,False,False,False,True,False,False,False,False,True,False,True,False,False,False,False
3216.904634199987,3216.904634199987,3218.405901300002,3218.405901300002,3218.505977000002,3218.9062648999766,,3219.423421199995,3219.423421199995,3221.4250350000016,3222.4425889999925,vis2,4,5,vis,445.0,25.0,,0.0,False,True,False,False,False,True,False,False,True,False,False,False,False,False,True,False,False,False,False,True,True,False,False,False,False
3222.792862299984,3222.792862299984,3224.3108345999876,3224.300834599988,3224.4108916999917,3224.800834599988,,3225.3117079000017,3225.3117079000017,3227.3300125999754,3228.3308644000003,sound2,2,5,vis,446.0,26.0,,0.0,False,True,False,False,False,True,False,False,True,False,False,False,False,True,False,False,False,False,True,False,True,False,False,False,False
3228.5643668999924,3228.5643668999924,3230.0823637999797,3230.07236379998,3230.18243569998,3230.57236379998,3230.4326310999836,3231.0998813999845,3231.0998813999845,3233.101506299988,3234.1190104999782,sound1,1,5,vis,447.0,27.0,,0.0,True,False,True,False,True,False,False,False,True,False,False,False,False,True,False,False,True,False,False,False,True,False,False,False,False
3234.2691691999876,3234.2691691999876,3235.7704551,3235.7604551000004,3235.8872900999936,3236.2604551000004,,3236.787939099982,3236.787939099982,3238.8063030999997,3239.8072427999955,sound2,2,5,vis,448.0,28.0,,0.0,False,True,False,False,False,True,False,False,True,False,False,False,False,True,False,False,False,False,True,False,True,False,False,False,False
3239.857364099976,3239.857364099976,3241.37512619998,3241.3651261999803,3241.4752070999907,3241.8651261999803,3241.8588709999835,3242.376019500001,3242.376019500001,3244.3942993999894,3245.395205999995,sound1,1,5,vis,449.0,29.0,,0.0,True,False,True,False,True,False,False,False,True,False,False,False,False,True,False,False,True,False,False,False,True,False,False,False,False
3246.229233300002,3246.229233300002,3247.7472727999934,3247.7472727999934,3247.847323100004,3248.2475777999875,3248.2475777999875,3248.747988700002,3248.747988700002,3250.7663449999905,3251.7672191999823,vis1,3,5,vis,450.0,30.0,,0.0,True,True,False,True,False,False,False,True,False,True,False,True,False,False,True,False,False,True,False,False,True,False,False,False,False
3256.020725899996,3256.020725899996,3257.5387685999826,3257.5387685999826,3257.6389052999816,3258.039134799977,3257.9724568000033,3258.539572999996,3258.539572999996,3260.557904499999,3261.55872889999,vis2,4,5,vis,451.0,31.0,,0.0,True,False,True,False,True,False,False,False,True,False,False,False,False,False,True,False,False,False,False,True,True,False,False,False,False
3261.6421723000035,3261.6421723000035,3263.160142099988,3263.160142099988,3263.260203899999,3263.660527999987,3263.5771969999855,3264.160966899982,3264.160966899982,3266.1792780999763,3267.1968224999814,vis1,3,5,vis,452.0,32.0,,0.0,True,True,False,True,False,False,False,True,False,True,False,True,False,False,True,False,False,True,False,False,True,False,False,False,False
3267.964110999988,3267.964110999988,3269.4821625999843,3269.4821625999843,3269.5821843999815,3269.98251749998,3269.8657918999756,3270.4828508999867,3270.4828508999867,3272.501254399985,3273.502176599993,vis1,3,5,vis,453.0,33.0,,0.0,True,True,False,True,False,False,False,True,False,True,False,True,False,False,True,False,False,True,False,False,True,False,False,False,False
3274.4695610999856,3274.4695610999856,3275.9708283000014,3275.9608283000016,3276.0709590999845,3276.4608283000016,,3276.988376200004,3276.988376200004,3279.006727199981,3280.0075481000035,sound2,2,5,vis,454.0,34.0,,0.0,False,True,False,False,False,True,False,False,True,False,False,False,False,True,False,False,False,False,True,False,True,False,False,False,False
3282.5430985999787,3282.5430985999787,3284.0609945999836,3284.0609945999836,3284.1611167999886,3284.5614410999783,,3285.061857000002,3285.061857000002,3287.0801629999855,3288.0810327000013,vis2,4,5,vis,455.0,35.0,,0.0,False,True,False,False,False,True,False,False,True,False,False,False,False,False,True,False,False,False,False,True,True,False,False,False,False
3288.681526799986,3288.681526799986,3290.182819599993,3290.172819599993,3290.2828415999916,3290.672819599993,3290.699891899983,3291.2002467999787,3291.2002467999787,3293.202016999983,3294.219475500003,sound1,1,5,vis,456.0,36.0,,0.0,True,False,True,False,True,False,False,False,True,False,False,False,False,True,False,False,True,False,False,False,True,False,False,False,False
3294.753319799996,3294.753319799996,3296.2711906999843,3296.2611906999846,3296.371333299999,3296.7611906999846,,3297.272063299993,3297.272063299993,3299.290409799994,3300.2912464999913,sound1,1,5,vis,457.0,37.0,,0.0,False,True,False,False,False,True,False,False,True,False,False,False,False,True,False,False,True,False,False,False,True,False,False,False,False
3300.357974699998,3300.357974699998,3301.8758980999787,3301.865898099979,3301.9759884000027,3302.365898099979,,3302.876756299994,3302.876756299994,3304.8951458000024,3305.9127080999983,sound1,1,5,vis,458.0,38.0,,0.0,False,True,False,False,False,True,False,False,True,False,False,False,False,True,False,False,True,False,False,False,True,False,False,False,False
3306.262912499989,3306.262912499989,3307.780962099999,3307.780962099999,3307.881034599975,3308.281242299979,3308.197903699978,3308.781707800002,3308.781707800002,3310.8000659999757,3311.800967800003,vis1,3,5,vis,459.0,39.0,,0.0,True,True,False,True,False,False,False,True,False,True,False,True,False,False,True,False,False,True,False,False,True,False,False,False,False
3312.051128599976,3312.051128599976,3313.5690533999964,3313.5590533999966,3313.6692476999974,3314.0590533999966,,3314.5698809999826,3314.5698809999826,3316.5882862999947,3317.605776799997,sound2,2,5,vis,460.0,40.0,,0.0,False,True,False,False,False,True,False,False,True,False,False,False,False,True,False,False,False,False,True,False,True,False,False,False,False
3319.607459499975,3319.607459499975,3321.1253564999874,3321.1253564999874,3321.225474699991,3321.6258066999812,,3322.1262833000014,3322.1262833000014,3324.144600999987,3325.1621060999837,catch,0,5,vis,,,,,False,True,False,False,False,False,False,False,False,False,False,False,False,False,False,True,False,False,False,False,True,False,False,False,False
3328.965340399978,3328.965340399978,3330.4833835999975,3330.4833835999975,3330.58341109998,3330.983725699983,,3331.484157999986,3331.484157999986,3333.5024275999835,3334.520036899988,vis2,4,5,vis,461.0,41.0,,0.0,False,True,False,False,False,True,False,False,True,False,False,False,False,False,True,False,False,False,False,True,True,False,False,False,False
3336.188101299989,3336.188101299989,3337.7060412999795,3337.7060412999795,3337.8061302999936,3338.2064055999886,,3338.7069054999824,3338.7069054999824,3340.72515599998,3341.7427483000006,vis2,4,5,vis,462.0,42.0,,0.0,False,True,False,False,False,True,False,False,True,False,False,False,False,False,True,False,False,False,False,True,True,False,False,False,False
3342.026237099993,3342.026237099993,3343.544362199996,3343.544362199996,3343.644438800003,3344.044652399994,3344.044652399994,3344.545061099992,3344.545061099992,3346.563421699984,3347.5642690999753,vis1,3,5,vis,463.0,43.0,,0.0,True,True,False,True,False,False,False,True,False,True,False,True,False,False,True,False,False,True,False,False,True,False,False,False,False
3347.580931599988,3347.580931599988,3349.0988703999988,3349.088870399999,3349.199023100003,3349.588870399999,,3350.099702999994,3350.099702999994,3352.118064299991,3353.118908599988,sound2,2,5,vis,464.0,44.0,,0.0,False,True,False,False,False,True,False,False,True,False,False,False,False,True,False,False,False,False,True,False,True,False,False,False,False
3354.2198434999823,3354.2198434999823,3355.737856899979,3355.737856899979,3355.837956699988,3356.2382143999944,3356.254886599994,3356.7386601999838,3356.7386601999838,3358.7569826999766,3359.757831000004,vis1,3,5,vis,465.0,45.0,,0.0,True,True,False,True,False,False,False,True,False,True,False,True,False,False,True,False,False,True,False,False,True,False,False,False,False
3359.8579250999987,3359.8579250999987,3361.3758678999816,3361.3758678999816,3361.475979499993,3361.876268200003,,3362.3766741999802,3362.3766741999802,3364.395016999982,3365.4125816999963,vis2,4,5,vis,466.0,46.0,,0.0,False,True,False,False,False,True,False,False,True,False,False,False,False,False,True,False,False,False,False,True,True,False,False,False,False
3366.913842299991,3366.913842299991,3368.4318490999954,3368.4218490999956,3368.5318165999865,3368.9218490999956,,3369.4326613999815,3369.4326613999815,3371.450972500004,3372.468549199993,sound2,2,5,vis,467.0,47.0,,0.0,False,True,False,False,False,True,False,False,True,False,False,False,False,True,False,False,False,False,True,False,True,False,False,False,False
3373.3191669999883,3373.3191669999883,3374.837151299996,3374.8271512999963,3374.9372359999775,3375.3271512999963,3375.1708458000007,3375.8379576999955,3375.8379576999955,3377.856347100003,3378.8572043999825,sound1,1,5,vis,468.0,48.0,,0.0,True,False,True,False,True,False,False,False,True,False,False,False,False,True,False,False,True,False,False,False,True,False,False,False,False
3380.508569199979,3380.508569199979,3382.026644099978,3382.026644099978,3382.1267383000027,3382.526894999997,3382.4602383999822,3383.02734509999,3383.02734509999,3385.0457265999953,3386.0465542999823,vis1,3,5,vis,469.0,49.0,,0.0,True,True,False,True,False,False,False,True,False,True,False,True,False,False,True,False,False,True,False,False,True,False,False,False,False
3390.6003693000034,3390.6003693000034,3392.118388399985,3392.118388399985,3392.2184777000016,3392.618708899981,,3393.1191264999884,3393.1191264999884,3395.13751379998,3396.155101799997,vis1,3,5,vis,470.0,50.0,,0.0,False,False,True,False,False,False,True,True,False,False,False,False,False,False,True,False,False,True,False,False,True,False,False,False,False
3396.57210899998,3396.57210899998,3398.0734373999962,3398.0734373999962,3398.1735598000027,3398.5904527999896,,3399.090824799999,3399.090824799999,3401.1092215999756,3402.110043299975,vis2,4,5,vis,471.0,51.0,,0.0,False,True,False,False,False,True,False,False,True,False,False,False,False,False,True,False,False,False,False,True,True,False,False,False,False
3402.6605028999998,3402.6605028999998,3404.1785232999914,3404.1785232999914,3404.2786056999844,3404.6789895999914,,3405.1792738000017,3405.1792738000017,3407.1976402999803,3408.2151223999767,vis2,4,5,vis,472.0,52.0,,0.0,False,True,False,False,False,True,False,False,True,False,False,False,False,False,True,False,False,False,False,True,True,False,False,False,False
3409.633034899985,3409.633034899985,3411.151027399997,3411.151027399997,3411.2510932999808,3411.6515140999777,3411.601416899977,3412.1518305000004,3412.1518305000004,3414.1701504000025,3415.1877288999763,vis1,3,5,vis,473.0,53.0,,0.0,True,True,False,True,False,False,False,True,False,True,False,True,False,False,True,False,False,True,False,False,True,False,False,False,False
3415.5880078999994,3415.5880078999994,3417.0893266,3417.0793266,3417.189353699979,3417.5793266,3417.42296819998,3418.1069430000002,3418.1069430000002,3420.125204499994,3421.1260000999987,sound1,1,5,vis,474.0,54.0,,0.0,True,False,True,False,True,False,False,False,True,False,False,False,False,True,False,False,True,False,False,False,True,False,False,False,False
3423.0609735999983,3423.0609735999983,3424.562303799999,3424.552303799999,3424.6624351999867,3425.052303799999,,3425.5797099999995,3425.5797099999995,3427.59815829999,3428.5989375999866,sound2,2,5,vis,475.0,55.0,,0.0,False,True,False,False,False,True,False,False,True,False,False,False,False,True,False,False,False,False,True,False,True,False,False,False,False
3430.100197799978,3430.100197799978,3431.6014472999755,3431.5914472999757,3431.7015371999964,3432.0914472999757,,3432.618963299997,3432.618963299997,3434.6373531999793,3435.638257699998,sound2,2,5,vis,476.0,56.0,,0.0,False,True,False,False,False,True,False,False,True,False,False,False,False,True,False,False,False,False,True,False,True,False,False,False,False
3436.0051456999877,3436.0051456999877,3437.523090899989,3437.523090899989,3437.623257299981,3438.0235444999794,,3438.5239778999908,3438.5239778999908,3440.542264099998,3441.5598469999763,catch,0,5,vis,,,,,False,True,False,False,False,False,False,False,False,False,False,False,False,False,False,True,False,False,False,False,True,False,False,False,False
3443.061066999982,3443.061066999982,3444.5790969999885,3444.5790969999885,3444.6792120999976,3445.079431699976,,3445.5798570999846,3445.5798570999846,3447.5982126999966,3448.599127199975,vis2,4,5,vis,477.0,57.0,,0.0,False,True,False,False,False,True,False,False,True,False,False,False,False,False,True,False,False,False,False,True,True,False,False,False,False
3449.5999315999884,3449.5999315999884,3451.1178851999953,3451.1078851999955,3451.217993799984,3451.6078851999955,3451.551524399992,3452.1186931999778,3452.1186931999778,3454.137011799999,3455.13788459998,sound1,1,5,vis,478.0,58.0,,0.0,True,False,True,False,True,False,False,False,True,False,False,False,False,True,False,False,True,False,False,False,True,False,False,False,False
3458.3572722999756,3458.3572722999756,3459.858507799983,3459.848507799983,3459.9586089000018,3460.348507799983,,3460.8760272000013,3460.8760272000013,3462.8776882999896,3463.8952674999978,sound2,2,5,vis,479.0,59.0,,0.0,False,True,False,False,False,True,False,False,True,False,False,False,False,True,False,False,False,False,True,False,True,False,False,False,False
3464.9628415999846,3464.9628415999846,3466.480833099989,3466.480833099989,3466.5808924999815,3466.9811506999918,,3467.4815540999784,3467.4815540999784,3469.499919299976,3470.5174462999944,vis2,4,5,vis,480.0,60.0,,0.0,False,True,False,False,False,True,False,False,True,False,False,False,False,False,True,False,False,False,False,True,True,False,False,False,False
3478.507517599975,3478.507517599975,3480.0254345999942,3480.0154345999945,3480.125535399982,3480.5154345999945,3480.3757402999995,3481.0262689000024,3481.0262689000024,3483.04462379998,3484.0454633999993,sound1,1,5,vis,481.0,61.0,,0.0,True,False,True,False,True,False,False,False,True,False,False,False,False,True,False,False,True,False,False,False,True,False,False,False,False
3484.4458418999943,3484.4458418999943,3485.9471340999967,3485.9471340999967,3486.047245299976,3486.4475142999813,3486.3808217999845,3486.9646188999845,3486.9646188999845,3488.9663394999893,3489.9837756999855,vis1,3,5,vis,482.0,62.0,,0.0,True,True,False,True,False,False,False,True,False,True,False,True,False,False,True,False,False,True,False,False,True,False,False,False,False
3490.7011275999917,3490.7011275999917,3492.2189948999817,3492.2189948999817,3492.319085399978,3492.7194407,,3493.2198971999837,3493.2198971999837,3495.23818959998,3496.255704799996,catch,0,5,vis,,,,,False,True,False,False,False,False,False,False,False,False,False,False,False,False,False,True,False,False,False,False,True,False,False,False,False
3496.3391257999842,3496.3391257999842,3497.8403570999885,3497.8303570999888,3497.940503600004,3498.3303570999888,3498.240702699995,3498.8578707999927,3498.8578707999927,3500.8596266000036,3501.877065999995,sound1,1,5,vis,483.0,63.0,,0.0,True,False,True,False,True,False,False,False,True,False,False,False,False,True,False,False,True,False,False,False,True,False,False,False,False
3505.8471917999937,3505.8471917999937,3507.3483665000035,3507.3383665000038,3507.4484914,3507.8383665000038,,3508.365889999995,3508.365889999995,3510.3675506999803,3511.385145799993,sound2,2,5,vis,484.0,64.0,,0.0,False,True,False,False,False,True,False,False,True,False,False,False,False,True,False,False,False,False,True,False,True,False,False,False,False
3514.9047495999926,3514.9047495999926,3516.4226405999884,3516.4226405999884,3516.522709999999,3516.923029499981,,3517.423540199999,3517.423540199999,3519.4419294999766,3520.4593943999876,catch,0,5,vis,,,,,False,True,False,False,False,False,False,False,False,False,False,False,False,False,False,True,False,False,False,False,True,False,False,False,False
3522.82799509998,3522.82799509998,3524.329286300004,3524.319286300004,3524.429378099981,3524.819286300004,,3525.3467994000034,3525.3467994000034,3527.3652594999962,3528.365998200004,sound2,2,5,vis,485.0,65.0,,0.0,False,True,False,False,False,True,False,False,True,False,False,False,False,True,False,False,False,False,True,False,True,False,False,False,False
3530.7847134999843,3530.7847134999843,3532.302726899981,3532.302726899981,3532.402820500001,3532.803074999983,,3533.303545499986,3533.303545499986,3535.321885299994,3536.322670199975,vis2,4,5,vis,486.0,66.0,,0.0,False,True,False,False,False,True,False,False,True,False,False,False,False,False,True,False,False,False,False,True,True,False,False,False,False
3536.5228498999872,3536.5228498999872,3538.040803999998,3538.030803999998,3538.1409193999802,3538.530803999998,3538.4411668999905,3539.0416346999787,3539.0416346999787,3541.0599924999783,3542.0774771999945,sound1,1,5,vis,487.0,67.0,,0.0,True,False,True,False,True,False,False,False,True,False,False,False,False,True,False,False,True,False,False,False,True,False,False,False,False
3542.4778975999884,3542.4778975999884,3543.9792208999947,3543.969220899995,3544.0791768999857,3544.469220899995,3544.379486999978,3544.996625599984,3544.996625599984,3547.0149907999817,3548.015795599998,sound1,1,5,vis,488.0,68.0,,0.0,True,False,True,False,True,False,False,False,True,False,False,False,False,True,False,False,True,False,False,False,True,False,False,False,False
3548.833185099976,3548.833185099976,3550.351148700001,3550.341148700001,3550.4512175999785,3550.841148700001,,3551.352006699986,3551.352006699986,3553.3703363000036,3554.387868500003,sound2,2,5,vis,489.0,69.0,,0.0,False,True,False,False,False,True,False,False,True,False,False,False,False,True,False,False,False,False,True,False,True,False,False,False,False
3555.0884418999863,3555.0884418999863,3556.606413799987,3556.596413799987,3556.7064337999996,3557.096413799987,,3557.60718879998,3557.60718879998,3559.6255641999974,3560.626425599979,sound2,2,5,vis,490.0,70.0,,0.0,False,True,False,False,False,True,False,False,True,False,False,False,False,True,False,False,False,False,True,False,True,False,False,False,False
3561.460459399977,3561.460459399977,3562.9618045999755,3562.9618045999755,3563.061798899996,3563.4621415999804,3563.412143199975,3563.9792396999924,3563.9792396999924,3565.9809210999897,3566.998433999988,vis1,3,5,vis,491.0,71.0,,0.0,True,True,False,True,False,False,False,True,False,True,False,True,False,False,True,False,False,True,False,False,True,False,False,False,False
3567.3153548999776,3567.3153548999776,3568.833403999984,3568.833403999984,3568.9335138999827,3569.333675099982,3569.6673977999976,3569.834132199999,3569.834132199999,3571.8525212000036,3572.8533856999798,vis1,3,5,vis,492.0,72.0,,0.0,True,True,False,True,False,False,False,True,False,True,False,True,False,False,True,False,False,True,False,False,True,False,False,False,False
3573.2870691999938,3573.2870691999938,3574.8050505999795,3574.8050505999795,3574.905143599995,3575.3054193999938,,3575.8225953999877,3575.8225953999877,3577.8242326999984,3578.8417011999786,vis2,4,5,vis,493.0,73.0,,0.0,False,True,False,False,False,True,False,False,True,False,False,False,False,False,True,False,False,False,False,True,True,False,False,False,False
3584.0127588999835,3584.0127588999835,3585.530647999994,3585.5206479999943,3585.630734499989,3586.0206479999943,3585.8809374999923,3586.531488599992,3586.531488599992,3588.549899199986,3589.550691299993,sound1,1,5,vis,494.0,74.0,,0.0,True,False,True,False,True,False,False,False,True,False,False,False,False,True,False,False,True,False,False,False,True,False,False,False,False
3591.202112999986,3591.202112999986,3592.7200831000023,3592.7200831000023,3592.820180499993,3593.2204323999845,3593.1704583999904,3593.720865399993,3593.720865399993,3595.739227899999,3596.7400351999763,vis1,3,5,vis,495.0,75.0,,0.0,True,True,False,True,False,False,False,True,False,True,False,True,False,False,True,False,False,True,False,False,True,False,False,False,False
3597.3072249999764,3597.3072249999764,3598.808539500003,3598.808539500003,3598.908560999998,3599.308874799995,3599.2255604000034,3599.8260062999993,3599.8260062999993,3601.8277264000003,3602.845181799997,vis1,3,5,vis,496.0,76.0,,0.0,True,True,False,True,False,False,False,True,False,True,False,True,False,False,True,False,False,True,False,False,True,False,False,False,False
3603.011986499981,3603.011986499981,3604.5299834999983,3604.5199834999985,3604.630069799992,3605.0199834999985,3604.863557399987,3605.5307816999934,3605.5307816999934,3607.549119599987,3608.550021099983,sound1,1,5,vis,497.0,77.0,,0.0,True,False,True,False,True,False,False,False,True,False,False,False,False,True,False,False,True,False,False,False,True,False,False,False,False
3610.7518544999853,3610.7518544999853,3612.2697188999823,3612.2597188999825,3612.3698887000005,3612.7597188999825,3612.586706099982,3613.2706149999954,3613.2706149999954,3615.288963999986,3616.2898239999863,sound1,1,5,vis,498.0,78.0,,0.0,True,False,True,False,True,False,False,False,True,False,False,False,False,True,False,False,True,False,False,False,True,False,False,False,False
3616.7402630999945,3616.7402630999945,3618.2415085999905,3618.2415085999905,3618.3416352,3618.7418758999934,,3619.258948899989,3619.258948899989,3621.2606586999987,3622.2781583999836,vis2,4,5,vis,499.0,79.0,,0.0,False,True,False,False,False,True,False,False,True,False,False,False,False,False,True,False,False,False,False,True,True,False,False,False,False
